अंचकैं 04 02 4113 0400 01 00000051
अंत_में 04 02 4224 0400 01 00002093
अंततः 04 02 4224 0400 01 00002093
अंततोगत्वा 04 02 4224 0400 02 00002093 00002095
अंतर्जानु 04 02 4112 0400 01 00011169
अंतर्बाह्य 04 02 4113 0400 01 00035768
अंतिम_दम_तक 04 02 4113 0400 01 00008522
अंदर 04 03 4218 4113 0400 01 00013205
अंदर-बाहर 04 02 4113 0400 01 00035768
अंदाज_में 04 03 4112 4113 0400 01 00040285
अंदाज_से 04 02 4112 0400 02 00002102 00002102
अंदाजन 04 02 4112 0400 01 00002102
अंदाज़_में 04 03 4112 4113 0400 01 00040285
अंदाज़_से 04 02 4112 0400 01 00002102
अंदाज़न 04 02 4112 0400 01 00002102
अंधधुंध 04 02 4113 0400 01 00008471
अंधाधुंध 04 02 4113 0400 01 00008471
अंशतः 04 02 4113 0400 01 00035770
अकंटक 04 02 4113 0400 01 00031986
अकसर 04 02 4113 0400 01 00007211
अकस्मात 04 02 4113 0400 01 00000051
अकस्मात् 04 02 4113 0400 01 00000051
अकारण 04 04 4224 4112 4113 0400 02 00002243 00002244
अकेला 04 03 4112 4113 0400 01 00014619
अक्रमतः 04 02 4113 0400 01 00002092
अक्षरशः 04 03 4112 4113 0400 01 00014680
अक्सर 04 02 4113 0400 01 00007211
अगत्या 04 05 4227 4112 4336 4113 0400 02 00000051 00003640
अगर 04 02 4113 0400 01 00005487
अगल-बगल 04 02 4113 0400 02 00008480 00036589
अगली_बार 04 02 4113 0400 01 00023771
अगले_बरस 04 03 4227 4113 0400 01 00039160
अगले_वर्ष 04 03 4227 4113 0400 01 00039160
अगले_साल 04 03 4227 4113 0400 01 00039160
अग़ल-बग़ल 04 02 4113 0400 02 00008480 00036589
अगुप्ततः 04 04 4229 4112 4113 0400 01 00000796
अग्रतः 04 04 4110 4224 4113 0400 02 00002367 00039370
अग्रे 04 02 4113 0400 01 00000892
अचक 04 02 4113 0400 01 00000051
अचरज_पूर्वक 04 02 4113 0400 01 00040280
अचरज_से 04 02 4113 0400 01 00040280
अचरजपूर्वक 04 02 4113 0400 01 00040280
अचांचक 04 02 4113 0400 01 00000051
अचाक 04 02 4113 0400 01 00000051
अचाका 04 02 4113 0400 01 00000051
अचान 04 02 4113 0400 01 00000051
अचानक 04 02 4113 0400 01 00000051
अचिर 04 04 4110 4229 4113 0400 01 00002620
अच्छा 04 03 4229 4113 0400 04 00009665 00014108 00039793 00040247
अच्छा_हो_कि 04 02 4113 0400 01 00028610
अच्छी_तरह 04 03 4229 4113 0400 07 00010797 00000524 00027635 00014108 00019562 00010827 00014109
अच्छी_तरह_से 04 03 4229 4113 0400 06 00010797 00010827 00014108 00019562 00027635 00014109
अच्छे_से 04 03 4229 4113 0400 05 00010797 00010827 00014108 00019562 00027635
अजहुँ 04 03 4110 4113 0400 01 00002689
अजहूँ 04 03 4110 4113 0400 01 00002689
अजो 04 03 4110 4113 0400 01 00002689
अजौं 04 03 4110 4113 0400 01 00002689
अटकल_से 04 02 4112 0400 01 00002102
अठगुना 04 02 4113 0400 01 00022939
अड़ोस-पड़ोस 04 02 4113 0400 01 00008480
अतः 04 01 0400 01 00006460
अतएव 04 01 0400 01 00006460
अतरसों 04 03 4227 4113 0400 02 00022211 00022212
अति 04 03 4112 4113 0400 01 00013474
अतिरिक्त 04 01 0400 01 00034374
अतिशीघ्र 04 02 4113 0400 01 00001922
अतिशीघ्रतः 04 02 4113 0400 01 00001922
अत्यंत 04 03 4112 4113 0400 01 00013474
अत्यधिक 04 03 4112 4113 0400 01 00013474
अत्यधिक_प्रयत्नपूर्वक 04 02 4113 0400 01 00030174
अत्यन्त 04 03 4112 4113 0400 01 00013474
अथ 04 02 4113 0400 02 00002813 00011083
अद्य 04 02 4113 0400 01 00014991
अद्यतन 04 03 4110 4113 0400 01 00002689
अद्यावत् 04 03 4110 4113 0400 01 00002689
अधः 04 02 4113 0400 01 00002148
अधिक 04 03 4219 4113 0400 02 00011702 00013340
अधिक_से_अधिक 04 02 4113 0400 01 00034793
अधिकतः 04 01 0400 01 00001811
अधिकतर 04 02 4113 0400 01 00007211
अधिकांशतः 04 02 4113 0400 02 00001811 00007211
अधिकांशतया 04 02 4113 0400 02 00001811 00007211
अधिकार_में 04 02 4113 0400 01 00035515
अधिकारतः 04 02 4226 0400 01 00001812
अधिकारपूर्वक 04 02 4226 0400 01 00001812
अधिकारहीनतः 04 05 4110 4229 4112 4113 0400 01 00002827
अधिमानतः 04 02 4113 0400 01 00028610
अधीनता_में 04 03 4229 4113 0400 01 00002116
अधुना 04 02 4113 0400 01 00011083
अधो_दिशा_में 04 02 4113 0400 01 00002148
अधोमुख 04 02 4113 0400 01 00006621
अधोरध 04 02 4113 0400 01 00015675
अधोर्ध 04 02 4113 0400 01 00015675
अधौर्द्ध 04 02 4113 0400 01 00015675
अध्यक्षर 04 03 4112 4113 0400 01 00014680
अनंतर 04 03 4229 4113 0400 02 00002813 00002868
अनकरीब 04 02 4112 0400 01 00002102
अनक़रीब 04 02 4112 0400 01 00002102
अनचाहे 04 02 4224 0400 01 00002095
अनत 04 02 4113 0400 01 00000374
अनन्तर 04 03 4229 4113 0400 02 00002813 00002868
अनमिख 04 02 4113 0400 01 00007872
अनवधि 04 02 4113 0400 01 00007161
अनवरत 04 03 4229 4113 0400 01 00002868
अनसूयतः 04 02 4224 0400 01 00001117
अनसोचे 04 04 4229 4112 4113 0400 01 00002824
अनहक 04 04 4224 4112 4113 0400 01 00002244
अनागतः 04 02 4113 0400 01 00000051
अनायास 04 04 4218 4112 4113 0400 02 00000051 00000052
अनाहक 04 04 4224 4112 4113 0400 01 00002244
अनिमिख 04 02 4113 0400 01 00007872
अनिमित्त 04 04 4224 4112 4113 0400 01 00002243
अनिमिष 04 02 4113 0400 01 00007872
अनिमेष 04 02 4113 0400 01 00007872
अनिश 04 03 4229 4113 0400 01 00002868
अनुकूल 04 02 4113 0400 01 00000123
अनुक्षण 04 03 4229 4113 0400 02 00002868 00007875
अनुदिन 04 01 0400 01 00006459
अनुदिवस 04 01 0400 01 00006459
अनुपद 04 03 4220 4113 0400 02 00001268 00002813
अनुमानतः 04 02 4112 0400 01 00002102
अनुवत्सर 04 03 4110 4113 0400 01 00011091
अनुसार 04 02 4113 0400 01 00000123
अनुसारतः 04 02 4113 0400 01 00034198
अनेकधा 04 02 4113 0400 01 00007211
अनेकशः 04 02 4113 0400 01 00007210
अनेरा 04 02 4113 0400 01 00017931
अनैसे 04 03 4229 4113 0400 02 00004728 00017945
अन्करीब 04 02 4112 0400 01 00002102
अन्क़रीब 04 02 4112 0400 01 00002102
अन्त_में 04 02 4224 0400 01 00002093
अन्ततः 04 02 4224 0400 01 00002093
अन्ततोगत्वा 04 02 4224 0400 01 00002093
अन्तर्जानु 04 02 4112 0400 01 00011169
अन्तर्बाह्य 04 02 4113 0400 01 00035768
अन्दर 04 03 4218 4113 0400 01 00013205
अन्दर-बाहर 04 02 4113 0400 01 00035768
अन्दाजन 04 02 4112 0400 01 00002102
अन्दाज़न 04 02 4112 0400 01 00002102
अन्धधुन्ध 04 02 4113 0400 01 00008471
अन्धाधुन्ध 04 02 4113 0400 01 00008471
अन्यतः 04 03 4112 4113 0400 02 00000374 00018059
अन्यत्र 04 02 4113 0400 01 00000374
अन्यदा 04 03 4112 4113 0400 01 00018100
अन्यास 04 02 4113 0400 01 00000051
अन्येद्यु 04 03 4112 4113 0400 01 00018100
अन्वक्ष 04 02 4113 0400 02 00000892 00002813
अपने_आप 04 01 0400 01 00012384
अपनेआप 04 02 4113 0400 02 00004501 00012384
अपराधानुसार 04 02 4113 0400 01 00020249
अपलक 04 02 4113 0400 01 00007872
अपार्थ 04 02 4113 0400 01 00017931
अपेक्षया 04 01 0400 01 00008220
अपेक्षाकृत 04 01 0400 01 00008220
अप्रतीष 04 02 4113 0400 01 00000123
अप्रत्यक्षतः 04 04 4229 4112 4113 0400 01 00037342
अप्रत्याशिततः 04 02 4113 0400 01 00000051
अप्रयत्नतः 04 04 4218 4112 4113 0400 01 00000052
अप्रसन्नतापूर्वक 04 04 4110 4229 4113 0400 01 00001093
अब 04 05 4110 4227 4336 4113 0400 05 00002785 00011083 00023771 00023772 00023773
अब_की 04 02 4113 0400 01 00023771
अब_की_बार 04 02 4113 0400 01 00023771
अब_तक 04 03 4110 4113 0400 01 00002689
अब_भी 04 02 4113 0400 01 00028129
अबकी 04 02 4113 0400 01 00023771
अबतक 04 03 4110 4113 0400 01 00002689
अबलग 04 03 4110 4113 0400 01 00002689
अभरम 04 02 4113 0400 01 00003150
अभिमान_से 04 02 4113 0400 01 00000833
अभिमानपूर्वक 04 02 4113 0400 01 00000833
अभिमुख 04 02 4113 0400 01 00000892
अभिस्थिर 04 02 4113 0400 01 00026310
अभी 04 02 4113 0400 01 00011083
अभी_अभी 04 02 4113 0400 01 00011154
अभी_तक 04 03 4110 4113 0400 01 00002689
अभी_भी 04 02 4113 0400 01 00028129
अभी_ही 04 02 4113 0400 01 00011154
अभी-अभी 04 02 4113 0400 01 00011154
अभीतक 04 03 4110 4113 0400 01 00002689
अभू 04 02 4113 0400 01 00011083
अभै 04 02 4113 0400 01 00011083
अभ्यधिक 04 03 4112 4113 0400 01 00013474
अमदन 04 02 4113 0400 01 00010972
अमूमन 04 03 4112 4113 0400 02 00010889 00010889
अयाचिततः 04 04 4218 4112 4113 0400 01 00001208
अयास 04 04 4218 4112 4113 0400 01 00000052
अयुगपद 04 03 4112 4113 0400 01 00004556
अर्वाक 04 04 4220 4223 4113 0400 02 00000373 00001267
अलं 04 02 4113 0400 02 00009611 00031100
अलग 04 04 4223 4112 4113 0400 03 00024384 00003075 00035077
अलग_अलग 04 02 4113 0400 01 00035077
अलग_थलग 04 02 4113 0400 01 00034938
अलग_से 04 02 4113 0400 01 00035077
अलग-अलग 04 02 4113 0400 01 00035077
अलग-थलग 04 02 4113 0400 01 00034938
अलबत्ता 04 02 4113 0400 01 00003150
अलम् 04 02 4113 0400 02 00009611 00031100
अलहदा 04 02 4113 0400 01 00024384
अलावा 04 02 4113 0400 02 00011702 00034374
अल्प 04 03 4219 4113 0400 01 00034925
अल्पतः 04 03 4110 4113 0400 01 00001737
अल्पशः 04 04 4110 4112 4113 0400 03 00010085 00004556 00001737
अवश्य 04 02 4113 0400 02 00003150 00030693
अवश्य_ही 04 02 4113 0400 01 00038372
अवश्यमेव 04 02 4113 0400 02 00003150 00038372
अवसि 04 02 4113 0400 01 00003150
अवाक 04 03 4112 4113 0400 01 00004663
अवाक् 04 03 4112 4113 0400 01 00004663
अविच्छिन्न 04 03 4229 4113 0400 01 00002868
अविच्छेद 04 03 4229 4113 0400 01 00002868
अवितर्किक 04 02 4113 0400 01 00003150
अविदूर 04 03 4223 4113 0400 01 00000373
अविरत 04 03 4229 4113 0400 01 00002868
अविरथा 04 02 4113 0400 01 00017931
अविरामतः 04 03 4229 4113 0400 01 00002868
अविलंब 04 04 4110 4229 4113 0400 01 00002620
अविलंबतः 04 04 4110 4229 4113 0400 01 00002620
अविलंबित 04 04 4110 4229 4113 0400 01 00002620
अविलम्ब 04 04 4110 4229 4113 0400 01 00002620
अविलम्बतः 04 04 4110 4229 4113 0400 01 00002620
अविलम्बित 04 04 4110 4229 4113 0400 01 00002620
अविश्रांत 04 03 4229 4113 0400 01 00002868
अविश्रान्त 04 03 4229 4113 0400 01 00002868
अवेर-सवेर 04 02 4113 0400 01 00020898
अव्यवस्थित 04 02 4113 0400 01 00009016
अव्यवस्थिततः 04 02 4113 0400 01 00002092
अव्वलन 04 03 4112 4113 0400 01 00000855
अशिष्टतः 04 03 4224 4112 0400 01 00000529
अशीघ्रतः 04 02 4227 0400 01 00001586
असंदेह 04 02 4113 0400 01 00003150
असंशय 04 02 4113 0400 01 00003150
असकृत 04 02 4113 0400 01 00011236
असन्देह 04 02 4113 0400 01 00003150
असभ्यतः 04 03 4224 4112 0400 01 00000529
असमय 04 02 4226 0400 01 00001374
असरार 04 03 4229 4113 0400 01 00002868
असल_में 04 02 4113 0400 01 00000526
असालतन 04 02 4113 0400 01 00004501
असावधानतः 04 03 4226 4113 0400 01 00001963
असावधानी_से 04 03 4226 4113 0400 01 00001963
असो 04 03 4227 4113 0400 01 00032399
असों 04 03 4227 4113 0400 01 00032399
असौभाग्यतः 04 04 4224 4112 4113 0400 01 00038559
अस्त-व्यस्त 04 02 4113 0400 01 00009016
अस्तव्यस्त 04 02 4113 0400 01 00009016
अस्तु 04 02 4113 0400 01 00039793
अस्पष्टतः 04 03 4224 4112 0400 01 00000527
अहरह 04 03 4229 4113 0400 03 00002868 00006459 00007161
अहर्निश 04 02 4113 0400 01 00007161
अहेतु 04 02 4113 0400 01 00017931
अहेतुक 04 02 4113 0400 01 00017931
अहोर-बहोर 04 02 4113 0400 01 00011236
अहोरात्र 04 02 4113 0400 01 00007161
आँख_मूँदकर 04 04 4229 4112 4113 0400 01 00002824
आँखे_फाड़े 04 03 4112 4113 0400 01 00040316
आँखें_फाड़कर 04 03 4112 4113 0400 01 00040316
आंख_मूंदकर 04 04 4229 4112 4113 0400 01 00002824
आंशिक_रूप_से 04 02 4113 0400 01 00035770
आइंदा 04 02 4113 0400 01 00023772
आइन्दा 04 02 4113 0400 01 00023772
आकंठ 04 02 4113 0400 01 00038102
आकर्ण 04 02 4113 0400 01 00025424
आखन 04 01 0400 01 00007875
आख़िर 04 02 4224 0400 01 00002093
आख़िरकार 04 02 4224 0400 01 00002093
आखिर 04 02 4224 0400 01 00002093
आखिरकार 04 02 4224 0400 01 00002093
आगर 04 03 4112 4113 0400 01 00013474
आगल 04 02 4113 0400 01 00000892
आगला 04 02 4113 0400 01 00000892
आगामी_वर्ष 04 03 4227 4113 0400 01 00039160
आगे 04 07 4110 4224 4227 4112 4336 4113 0400 09 00000892 00002367 00003640 00013310 00023772 00035067 00036315 00039370 00039372
आगे_की_ओर 04 03 4110 4229 0400 01 00002368
आगे_पीछे 04 03 4112 4113 0400 01 00010759
आगे_बढ़कर 04 02 4113 0400 01 00034593
आगे-आगे 04 03 4110 4229 0400 01 00002368
आगे-पीछे 04 03 4112 4113 0400 01 00010759
आगेपीछे 04 03 4112 4113 0400 01 00010759
आग्रह_से 04 02 4113 0400 01 00030692
आग्रहपूर्वक 04 02 4113 0400 01 00030692
आचान 04 02 4113 0400 01 00000051
आज 04 02 4113 0400 01 00014991
आज_कल 04 04 4110 4227 4336 0400 01 00002785
आज_तक 04 03 4110 4113 0400 01 00002689
आज-कल 04 04 4110 4227 4336 0400 01 00002785
आजकल 04 04 4110 4227 4336 0400 01 00002785
आजकाल 04 04 4110 4227 4336 0400 01 00002785
आजतक 04 03 4110 4113 0400 01 00002689
आजीवन 04 02 4113 0400 01 00008522
आजू-बाजू 04 02 4113 0400 02 00008480 00036589
आज्ञानुसार 04 03 4112 4113 0400 01 00010435
आज्ञापूर्वक 04 02 4113 0400 01 00004468
आठगुना 04 02 4113 0400 01 00022939
आठों_पहर 04 02 4113 0400 01 00007161
आड़ा 04 02 4113 0400 01 00032591
आतंकपूर्वक 04 03 4112 4113 0400 01 00014752
आतुरतावश 04 03 4112 4113 0400 01 00036272
आदतन 04 02 4112 0400 01 00001026
आदर_सहित 04 03 4112 4113 0400 01 00001464
आदि 04 01 0400 01 00013607
आदि_में 04 02 4113 0400 01 00006768
आदेश_से 04 02 4113 0400 01 00004468
आदेशपूर्वक 04 02 4113 0400 01 00004468
आदेशानुसार 04 03 4112 4113 0400 01 00010435
आद्यांत 04 02 4113 0400 01 00002066
आद्यान्त 04 02 4113 0400 01 00002066
आद्योपांत 04 02 4113 0400 01 00002066
आद्योपान्त 04 02 4113 0400 01 00002066
आधार_पर 04 02 4113 0400 01 00010974
आन_बोर्ड 04 02 4113 0400 01 00038931
आनन-फानन_में 04 04 4110 4229 4113 0400 02 00001922 00002620
आननफानन_में 04 02 4113 0400 01 00001922
आप 04 02 4113 0400 01 00004501
आप_से_आप 04 01 0400 01 00012384
आप-से-आप 04 01 0400 01 00012384
आपरूप 04 02 4113 0400 01 00004501
आपस_में 04 02 4113 0400 01 00006712
आपही 04 02 4113 0400 01 00004501
आपाततः 04 02 4113 0400 01 00000051
आम_तौर_पर 04 03 4112 4113 0400 01 00010889
आमतौर_पर 04 02 4113 0400 01 00007211
आमतौर_से 04 02 4113 0400 01 00007211
आमरण 04 02 4113 0400 01 00008522
आमूलचूल 04 02 4113 0400 01 00006468
आयंदा 04 02 4113 0400 01 00023772
आयन्दा 04 02 4113 0400 01 00023772
आर_पार 04 02 4113 0400 01 00011920
आर-पार 04 02 4113 0400 01 00011920
आरंभ_में 04 02 4113 0400 01 00006768
आरंभतः 04 02 4113 0400 01 00006768
आरपार 04 02 4113 0400 01 00011920
आरम्भ_में 04 02 4113 0400 01 00006768
आरम्भतः 04 02 4113 0400 01 00006768
आराम_से 04 03 4229 4113 0400 03 00004728 00010085 00038077
आशु 04 04 4110 4229 4113 0400 01 00002620
आश्चर्य_से 04 02 4113 0400 01 00040280
आश्चर्यपूर्वक 04 03 4112 4113 0400 02 00001241 00040280
आस_पड़ोस 04 02 4113 0400 01 00008480
आस_पास 04 02 4113 0400 01 00008480
आस-पड़ोस 04 02 4113 0400 01 00008480
आस-पास 04 02 4113 0400 01 00008480
आसंग 04 03 4229 4113 0400 01 00002868
आसङ्ग 04 03 4229 4113 0400 01 00002868
आसते 04 03 4218 4113 0400 02 00010084 00010085
आसते_से 04 02 4113 0400 01 00035551
आसपास 04 02 4113 0400 01 00008480
आसानी_से 04 03 4229 4113 0400 01 00004728
आसौ 04 03 4227 4113 0400 01 00032399
आस्ते 04 03 4218 4113 0400 02 00010084 00010085
आस्ते_से 04 02 4113 0400 01 00035551
आहिस्ता 04 03 4218 4113 0400 02 00010084 00010085
आहिस्ता_से 04 03 4218 4113 0400 03 00010084 00010085 00035551
आहिस्ता-आहिस्ता 04 02 4113 0400 01 00010085
आहिस्ते 04 03 4218 4113 0400 02 00010084 00010085
आहिस्ते_से 04 03 4218 4113 0400 03 00010084 00010085 00035551
आहिस्ते-आहिस्ते 04 02 4113 0400 01 00010085
इकंक 04 02 4113 0400 01 00003150
इकजोर 04 02 4113 0400 01 00028602
इकटक 04 02 4113 0400 01 00007872
इकट्ठा 04 02 4113 0400 02 00028602 00039623
इकट्ठे 04 02 4113 0400 01 00039623
इकतार 04 03 4229 4113 0400 01 00002868
इकत्र 04 02 4113 0400 01 00028602
इकदम 04 04 4110 4229 4113 0400 02 00000051 00002620
इकदम_से 04 04 4110 4229 4113 0400 02 00000051 00002620
इकबारगी 04 02 4113 0400 01 00000051
इकहाई 04 02 4113 0400 02 00000051 00001922
इकहाऊ 04 02 4113 0400 02 00000051 00001922
इकेला 04 03 4112 4113 0400 01 00014619
इच्छा_से 04 03 4112 4113 0400 01 00000857
इच्छानुकुल 04 03 4110 4113 0400 01 00009883
इच्छानुसार 04 03 4110 4113 0400 01 00009883
इच्छापूर्वक 04 02 4113 0400 01 00010972
इत 04 03 4223 4113 0400 02 00001730 00002647
इतः 04 03 4223 4113 0400 02 00001730 00002647
इतउत 04 02 4113 0400 01 00033843
इतना 04 02 4113 0400 01 00028167
इतना_ही 04 02 4113 0400 01 00011157
इतने_में 04 03 4112 4113 0400 01 00011100
इतरेतर 04 02 4113 0400 01 00006712
इतस्ततः 04 02 4113 0400 01 00033843
इतिमात्र 04 02 4113 0400 01 00011157
इतै 04 02 4223 0400 01 00001730
इत्तफ़ाक़न 04 04 4110 4112 4113 0400 02 00000051 00002624
इत्तफाकन 04 04 4110 4112 4113 0400 02 00000051 00002624
इत्ता 04 02 4113 0400 01 00028167
इत्तिफ़ाक़न 04 04 4110 4112 4113 0400 02 00000051 00002624
इत्तिफाकन 04 04 4110 4112 4113 0400 02 00000051 00002624
इत्थं 04 02 4113 0400 01 00009891
इत्थंमेव 04 02 4113 0400 01 00033850
इत्थे 04 02 4223 0400 01 00001730
इत्मिनान_से 04 02 4113 0400 01 00038077
इत्मीनान_से 04 02 4113 0400 01 00038077
इत्यादि 04 01 0400 01 00013607
इत्यादिक 04 01 0400 01 00013607
इधर 04 02 4223 0400 01 00001730
इधर_उधर 04 02 4113 0400 01 00033843
इधर_से_उधर 04 02 4113 0400 01 00036164
इधर-उधर 04 02 4113 0400 01 00033843
इन_दिनों 04 04 4110 4227 4336 0400 01 00002785
इभ 04 02 4113 0400 01 00009891
इम 04 02 4113 0400 01 00009891
इमि 04 02 4113 0400 01 00009891
इरादतन 04 02 4113 0400 01 00010972
इर्द_गिर्द 04 02 4113 0400 02 00000929 00008480
इर्द-गिर्द 04 02 4113 0400 02 00008480 00000929
इर्दगिर्द 04 02 4113 0400 02 00000929 00008480
इव 04 02 4113 0400 02 00009891 00010811
इस_ओर 04 02 4223 0400 01 00001730
इस_कदर 04 02 4113 0400 01 00009891
इस_क़दर 04 02 4113 0400 01 00009891
इस_जगह 04 03 4223 4113 0400 01 00002647
इस_तरह 04 02 4113 0400 01 00009891
इस_दरम्यान 04 03 4112 4113 0400 01 00011100
इस_दौरान 04 03 4112 4113 0400 01 00011100
इस_प्रकार 04 02 4113 0400 01 00009891
इस_बार 04 02 4113 0400 01 00023771
इस_बीच 04 03 4112 4113 0400 01 00011100
इस_वक्त 04 02 4113 0400 01 00011083
इस_वर्ष 04 03 4227 4113 0400 01 00032399
इस_वास्ते 04 01 0400 01 00006460
इस_समय 04 05 4110 4227 4336 4113 0400 02 00002785 00011083
इस_साल 04 03 4227 4113 0400 01 00032399
इसबार 04 02 4113 0400 01 00023771
इसलिए 04 01 0400 01 00006460
इसी_कारण 04 02 4113 0400 01 00032639
इसी_क्षण 04 02 4113 0400 01 00011154
इसी_जगह 04 02 4113 0400 01 00033922
इसी_तरह 04 02 4113 0400 02 00009891 00033850
इसी_प्रकार 04 02 4113 0400 02 00009891 00033850
इसी_बीच 04 03 4112 4113 0400 01 00011100
इसी_वक्त 04 02 4113 0400 01 00011154
इसीलिए 04 01 0400 01 00006460
इसै 04 02 4113 0400 01 00009891
इह 04 03 4223 4113 0400 01 00002647
इहवाँ 04 03 4223 4113 0400 01 00002647
इहवैं 04 02 4113 0400 01 00033922
इहाँ 04 03 4223 4113 0400 01 00002647
ई_प 04 02 4113 0400 01 00028154
ईंघे 04 03 4223 4113 0400 01 00002647
ईदृश 04 02 4113 0400 01 00009891
ईदृश् 04 02 4113 0400 01 00009891
ईमानदारी_से 04 02 4113 0400 01 00024238
ईर्ष्यतः 04 03 4110 4224 0400 01 00001118
ईर्ष्यापूर्णतः 04 03 4110 4224 0400 01 00001118
ईर्ष्यापूर्वक 04 03 4110 4224 0400 01 00001118
ईर्ष्याहीनतः 04 02 4224 0400 01 00001117
ईसवी_पूर्व 04 02 4113 0400 01 00029151
ईसवीपूर्व 04 02 4113 0400 01 00029151
ईसा_पश्चात 04 02 4113 0400 01 00028154
ईसा_पश्चात् 04 02 4113 0400 01 00028154
ईसा_पूर्व 04 02 4113 0400 01 00029151
ईसापूर्व 04 02 4113 0400 01 00029151
ईहाँ 04 03 4223 4113 0400 01 00002647
उकड़ू 04 02 4113 0400 01 00008551
उकड़ूँ 04 02 4113 0400 01 00008551
उकडू 04 02 4113 0400 01 00008551
उकडूँ 04 02 4113 0400 01 00008551
उकवाँ 04 02 4112 0400 01 00002102
उकुरू 04 02 4113 0400 01 00008551
उचका 04 02 4113 0400 01 00000051
उटक्कर 04 02 4113 0400 01 00008471
उठते-बैठते 04 02 4113 0400 01 00007161
उत 04 03 4223 4113 0400 01 00002107
उतन 04 03 4223 4113 0400 01 00002107
उत्तर 04 02 4113 0400 01 00002813
उत्सुकतावश 04 03 4112 4113 0400 01 00036272
उदारतापूर्वक 04 03 4112 4113 0400 01 00012901
उदाहरण_के_तौर_पर 04 01 0400 01 00010930
उदाहरण_के_रूप_में 04 01 0400 01 00010930
उदाहरण_स्वरूप 04 01 0400 01 00010930
उदाहरणतः 04 01 0400 01 00010930
उदाहरणार्थ 04 01 0400 01 00010930
उद्देश्यतः 04 02 4224 0400 01 00001451
उद्देश्यपूर्वक 04 02 4224 0400 01 00001451
उद्देश्यहीनतः 04 04 4224 4112 4113 0400 02 00001455 00002244
उद्विग्नतः 04 03 4226 4113 0400 01 00001263
उद्विग्नतापूर्वक 04 03 4226 4113 0400 01 00001263
उधर 04 03 4223 4113 0400 01 00002107
उपरांत 04 02 4113 0400 01 00002813
उपरान्त 04 02 4113 0400 01 00002813
उपाय_से 04 03 4110 4113 0400 01 00000594
उपायतः 04 03 4110 4113 0400 01 00000594
उभयतः 04 01 0400 01 00008583
उमूमन 04 03 4112 4113 0400 01 00010889
उम्र_भर 04 02 4113 0400 01 00008522
उर्फ 04 02 4113 0400 01 00037928
उर्फ़ 04 02 4113 0400 01 00037928
उलटा 04 02 4113 0400 01 00006621
उलटा_पुलटा 04 02 4113 0400 01 00025225
उलटा_सीधा 04 02 4113 0400 01 00025225
उलटा-पलटा 04 02 4113 0400 01 00025225
उलटा-पुलटा 04 02 4113 0400 01 00025225
उलटा-सीधा 04 02 4113 0400 01 00025225
उल्टा 04 02 4113 0400 01 00006621
उल्टा_पुल्टा 04 02 4113 0400 01 00025225
उल्टा_सीधा 04 02 4113 0400 01 00025225
उल्टा-पल्टा 04 02 4113 0400 01 00025225
उल्टा-पुल्टा 04 02 4113 0400 01 00025225
उल्टा-सीधा 04 02 4113 0400 01 00025225
उस_ओर 04 03 4223 4113 0400 01 00002107
उस_जगह 04 03 4223 4113 0400 01 00001609
उस_तरह 04 02 4113 0400 01 00010811
उस_वक्त 04 02 4113 0400 01 00005933
उस_समय 04 02 4113 0400 01 00005933
उसी_घड़ी 04 02 4113 0400 01 00032638
उसी_तरह 04 02 4113 0400 01 00010811
उसी_समय 04 02 4113 0400 01 00032638
ऊँचाई_पर 04 02 4113 0400 01 00010973
ऊपर 04 03 4112 4113 0400 10 00011701 00035923 00035922 00023775 00011704 00011703 00011702 00010974 00010973 00035924
ऊपर_की_ओर 04 02 4113 0400 01 00035045
ऊपर_से 04 02 4113 0400 02 00011703 00035925
ऊपर-नीचे 04 02 4113 0400 01 00015675
ऊर्द्ध्व 04 02 4113 0400 01 00010973
ऊर्ध्व 04 02 4113 0400 01 00010973
एक_एक_डग 04 02 4113 0400 01 00004558
एक_ओर 04 02 4113 0400 02 00011097 00024384
एक_के_बाद_एक 04 03 4112 4113 0400 01 00004556
एक_तरफ 04 02 4113 0400 01 00011097
एक_तरफ़ 04 02 4113 0400 02 00011097 00024384
एक_दूसरे_से 04 02 4113 0400 01 00006712
एक_बार 04 02 4113 0400 01 00036786
एक_बार_और 04 02 4113 0400 01 00002814
एक_बार_फिर 04 02 4113 0400 01 00002814
एक_बार_में 04 02 4113 0400 01 00036787
एक_समय 04 02 4113 0400 01 00036786
एक_साथ 04 02 4113 0400 03 00028602 00034412 00039623
एक-एक_करके 04 03 4112 4113 0400 01 00004556
एक-ब-एक 04 02 4113 0400 01 00000051
एकंग 04 03 4112 4113 0400 01 00014619
एकजुट 04 02 4113 0400 01 00025552
एकटक 04 02 4113 0400 01 00007872
एकत्र 04 02 4113 0400 02 00028602 00039623
एकदम 04 04 4110 4229 4113 0400 03 00000051 00002620 00006468
एकदम_से 04 04 4110 4229 4113 0400 03 00000051 00000051 00002620
एकदा 04 02 4113 0400 02 00036786 00036787
एकबार 04 02 4113 0400 01 00036786
एकबार_में 04 02 4113 0400 01 00036787
एकबारगी 04 02 4113 0400 02 00000051 00036787
एकमुश्त 04 02 4113 0400 02 00028602 00039623
एकमेव 04 03 4112 4113 0400 01 00014619
एकसाथ 04 02 4113 0400 02 00034412 00028602
एकाएक 04 02 4113 0400 01 00000051
एकाकी 04 03 4112 4113 0400 01 00014619
एडी 04 02 4113 0400 01 00028154
ऐन_मौक़े_पर 04 02 4113 0400 02 00037185 00036517
ऐन_मौके_पर 04 02 4113 0400 02 00036517 00037185
ऐन_वक़्त_पर 04 02 4113 0400 02 00036517 00037185
ऐन_वक्त_पर 04 02 4113 0400 02 00036517 00037185
ऐसा 04 02 4113 0400 01 00009891
ऐसे 04 02 4113 0400 01 00009891
ऐसे_ही 04 04 4224 4112 4113 0400 01 00002244
ऑन_बोर्ड 04 02 4113 0400 01 00038931
ओर_से 04 02 4113 0400 01 00036131
औचक 04 02 4113 0400 01 00000051
और 04 02 4113 0400 02 00011702 00035454
औसतन 04 03 4112 4113 0400 01 00012672
कई_बार 04 02 4113 0400 01 00007210
कठिनतः 04 04 4229 4112 4113 0400 01 00000595
कठिनाई_से 04 04 4229 4112 4113 0400 01 00000595
कठोरता_से 04 02 4218 0400 01 00001170
कड़ा 04 03 4219 4113 0400 01 00013340
कड़ाई_से 04 02 4218 0400 01 00001170
कतई 04 02 4113 0400 01 00012368
कत्तई 04 02 4113 0400 01 00012368
कथनानुसार 04 02 4113 0400 01 00011141
कदम_कदम_पर 04 02 4113 0400 01 00038939
कदम-कदम_पर 04 02 4113 0400 01 00038939
कदम-ब_कदम 04 02 4220 0400 01 00001268
कदाचित 04 02 4113 0400 01 00004084
कदाचित् 04 02 4113 0400 01 00004084
कदापि 04 02 4113 0400 01 00012368
कब 04 02 4113 0400 02 00001662 00028209
कब_तक 04 02 4113 0400 01 00035892
कब-तक 04 02 4113 0400 01 00035892
कबतक 04 02 4113 0400 01 00035892
कबहु 04 02 4113 0400 01 00004044
कभी 04 02 4113 0400 02 00004083 00012368
कभी_कभार 04 03 4112 4113 0400 01 00008465
कभी_कभी 04 03 4112 4113 0400 01 00008465
कभी_न_कभी 04 02 4113 0400 01 00020897
कभी_नहीं 04 02 4113 0400 01 00028209
कभी_भी 04 02 4113 0400 01 00004044
कभी_भी_नहीं 04 02 4113 0400 01 00028209
कभी-कभार 04 03 4112 4113 0400 01 00008465
कभी-कभी 04 03 4112 4113 0400 01 00008465
कभीकभार 04 03 4112 4113 0400 01 00008465
कभीकभी 04 03 4112 4113 0400 01 00008465
कम 04 03 4219 4113 0400 01 00034925
कम_से_कम 04 02 4113 0400 01 00036014
कमतर 04 03 4219 4113 0400 01 00034925
कमबेश 04 02 4113 0400 01 00024746
कमोबेश 04 02 4113 0400 01 00024746
करीने_से 04 03 4112 4113 0400 01 00000854
करीनेवार 04 03 4112 4113 0400 01 00000854
करीब 04 04 4223 4112 4113 0400 03 00000373 00002102 00038550
करीब-करीब 04 02 4112 0400 02 00002102 00038550
करीबन 04 02 4112 0400 02 00002102 00038550
कर्मणा 04 02 4113 0400 02 00039668 00039669
कर्मानुसार 04 02 4113 0400 01 00022955
कल 04 03 4227 4113 0400 02 00022207 00022208
कल-कल 04 02 4113 0400 01 00038118
कल-कल_करते_हुए 04 02 4113 0400 01 00038118
कलकल 04 02 4113 0400 01 00038118
कलकल_करते_हुए 04 02 4113 0400 01 00038118
कल्याणार्थ 04 02 4113 0400 01 00022150
कसकर 04 03 4112 4113 0400 02 00011105 00037132
कहनानुसार 04 02 4113 0400 01 00011141
कहाँ 04 02 4113 0400 01 00004257
कहाँ-कहाँ 04 02 4113 0400 01 00034954
कहां 04 02 4113 0400 01 00004257
कहां-कहां 04 02 4113 0400 01 00034954
कहीं 04 02 4113 0400 04 00013175 00008220 00013176 00035279
कहीं_और 04 02 4113 0400 01 00000374
कहीं_न_कहीं 04 02 4113 0400 01 00035635
कहुँ 04 02 4113 0400 02 00013175 00013176
कहूँ 04 02 4113 0400 02 00013175 00013176
कहे_अनुसार 04 02 4113 0400 01 00011141
कहे_मुताबिक 04 02 4113 0400 01 00011141
कहे_मुताबिक़ 04 02 4113 0400 01 00011141
क़दम_क़दम_पर 04 02 4113 0400 01 00038939
क़दम_ब_क़दम 04 02 4113 0400 01 00004558
क़दम-क़दम_पर 04 02 4113 0400 01 00038939
क़रीने_से 04 03 4112 4113 0400 01 00000854
क़रीनेवार 04 03 4112 4113 0400 01 00000854
क़रीब 04 04 4223 4112 4113 0400 03 00000373 00002102 00038550
क़रीब_में 04 03 4223 4113 0400 01 00000373
क़रीब-क़रीब 04 02 4112 0400 02 00002102 00038550
क़रीबन 04 02 4112 0400 02 00002102 00038550
क़ानूनन 04 02 4113 0400 01 00015623
क़ाफी_कुछ 04 01 0400 01 00038805
क़ाफी-कुछ 04 01 0400 01 00038805
क़ायदे_से 04 01 0400 01 00005946
क़िस्त_दर_क़िस्त 04 03 4112 4113 0400 01 00004557
क़िस्तवार 04 03 4112 4113 0400 01 00004557
क़िस्तों_में 04 03 4112 4113 0400 01 00004557
कानूनन 04 02 4113 0400 01 00015623
काफ़ी 04 03 4219 4113 0400 02 00013340 00031100
काफी 04 03 4219 4113 0400 02 00013340 00031100
काफी_कुछ 04 01 0400 01 00038805
काफी-कुछ 04 01 0400 01 00038805
काम_से 04 04 4224 4112 4113 0400 01 00001121
कारण_से 04 04 4224 4112 4113 0400 01 00001121
कारणतः 04 01 0400 01 00007208
कारणवश 04 01 0400 01 00007208
कारणहीनतः 04 04 4224 4112 4113 0400 02 00002243 00002244
कालांतर_में 04 02 4224 0400 01 00002094
काल्ह 04 03 4227 4113 0400 01 00022207
काहे 04 02 4113 0400 01 00012649
काहे_को 04 02 4113 0400 01 00012649
किंकर्तव्य-विमूढ़ 04 02 4113 0400 01 00010845
किंकर्तव्यविमूढ़ 04 02 4113 0400 01 00010845
किंकर्त्तव्य-विमूढ़ 04 02 4113 0400 01 00010845
किंकर्त्तव्यविमूढ़ 04 02 4113 0400 01 00010845
कितना 04 03 4112 4113 0400 01 00013474
कित्ता 04 03 4112 4113 0400 01 00013474
किधर 04 02 4113 0400 01 00004258
किस_तरह 04 02 4113 0400 01 00011104
किस_तरह_से 04 02 4113 0400 01 00011104
किस_प्रकार 04 02 4113 0400 01 00011104
किस_प्रकार_से 04 02 4113 0400 01 00011104
किस_वास्ते 04 02 4113 0400 01 00012649
किस_समय 04 01 0400 01 00001662
किसलिए 04 02 4113 0400 01 00012649
किसी_तरह 04 02 4113 0400 01 00036530
किसी_तरह_से 04 02 4113 0400 01 00036530
किसी_भी_तरह_से 04 02 4113 0400 01 00036530
किसी_भी_दशा_में 04 02 4113 0400 01 00034654
किसी_भी_सूरत_में 04 02 4113 0400 01 00034654
किसी_भी_स्थिति_में 04 02 4113 0400 01 00034654
किसी_भी_हालत_में 04 02 4113 0400 01 00034654
किसी_समय 04 02 4113 0400 01 00004083
किस्त-दर-किस्त 04 03 4112 4113 0400 02 00004557 00004557
किस्तवार 04 03 4112 4113 0400 01 00004557
किस्तों_में 04 03 4112 4113 0400 02 00004557 00004557
किस्मत_से 04 04 4224 4112 4113 0400 01 00038558
की_तरह 04 03 4112 4113 0400 01 00039426
की_वजह_से 04 02 4113 0400 01 00035705
कुछ 04 02 4113 0400 01 00006458
कुल_मिलाकर 04 02 4113 0400 01 00011113
कुलमिलाकर 04 02 4113 0400 01 00011113
कुविधिपूर्वक 04 02 4226 0400 01 00001447
कुशलतापूर्वक 04 03 4112 4113 0400 01 00013133
कुशलपूर्वक 04 03 4112 4113 0400 01 00013133
कुसमय 04 02 4226 0400 01 00001374
कृतज्ञतापूर्वक 04 03 4110 4113 0400 01 00025047
कृत्रिम_रूप_से 04 02 4113 0400 01 00023236
कृत्रिमता_से 04 02 4113 0400 01 00023236
कृपया 04 03 4112 4113 0400 01 00011357
कृपा_कर_के 04 02 4218 0400 01 00001179
कृपा_करके 04 03 4112 4113 0400 01 00011357
कृपा_पूर्वक 04 03 4112 4113 0400 01 00011357
कृपा_से 04 02 4113 0400 01 00035076
कृपापूर्वक 04 04 4218 4112 4113 0400 02 00001179 00011357
के_अतिरिक्त 04 02 4113 0400 01 00035925
के_अलावा 04 02 4113 0400 01 00035925
के_कारण 04 02 4113 0400 01 00035705
के_चलते 04 02 4113 0400 01 00035705
के_बदले 04 02 4113 0400 01 00034955
के_बीच 04 01 0400 01 00035208
के_मध्य 04 01 0400 01 00035208
के_मध्य_में 04 01 0400 01 00035208
के_मारे 04 02 4113 0400 01 00035705
के_रूप_में 04 03 4112 4113 0400 01 00039426
के_लिहाज_से 04 02 4113 0400 01 00036130
केंद्र_में 04 03 4112 4113 0400 01 00005609
केन्द्र_में 04 03 4112 4113 0400 01 00005609
केवल 04 03 4112 4113 0400 03 00014619 00040276 00040284
कैसे 04 02 4113 0400 02 00011104 00012651
कोई 04 02 4112 0400 01 00002102
कोना_कोना 04 02 4113 0400 01 00000929
कोना-कोना 04 02 4113 0400 01 00000929
कोने_कोने_में 04 02 4113 0400 01 00000929
कोने-कोने_में 04 02 4113 0400 01 00000929
क्यूँकर 04 01 0400 01 00012651
क्यों 04 02 4113 0400 01 00012649
क्योंकर 04 01 0400 01 00012651
क्रम_से 04 03 4112 4113 0400 01 00004556
क्रमवार 04 03 4112 4113 0400 01 00004556
क्रमशः 04 03 4112 4113 0400 01 00004556
क्रमहीनतः 04 02 4113 0400 01 00002092
क्रमानुसार 04 03 4112 4113 0400 01 00004556
क्रूरतापूर्वक 04 02 4218 0400 01 00001170
क्रोधपूर्वक 04 03 4112 4113 0400 01 00040278
क्षण-क्षण 04 01 0400 01 00007875
क्षणक्षण 04 01 0400 01 00007875
क्षमतानुसार 04 03 4112 4113 0400 01 00009882
खचाखच 04 02 4113 0400 01 00005766
खट_खट 04 03 4112 4113 0400 01 00040017
खट_से 04 02 4113 0400 01 00001922
खट-खट 04 03 4112 4113 0400 01 00040017
खटखट 04 03 4112 4113 0400 01 00040017
खटा_खट 04 03 4112 4113 0400 01 00040017
खटा-खट 04 03 4112 4113 0400 01 00040017
खटाक_से 04 02 4113 0400 01 00001922
खटाखट 04 03 4112 4113 0400 02 00001922 00040017
खड़े_बल 04 00 01 00037259
खड़े-खड़े 04 04 4110 4229 4113 0400 01 00002620
खन_खन 04 03 4112 4113 0400 01 00040013
खन-खन 04 03 4112 4113 0400 01 00040013
खनखन 04 03 4112 4113 0400 01 00040013
ख़ामोशी_से 04 03 4112 4113 0400 01 00004663
ख़ाली 04 03 4112 4113 0400 03 00014619 00040276 00040284
ख़ास_तौर_पर 04 02 4113 0400 01 00004667
ख़ास_तौर_से 04 02 4113 0400 01 00004667
ख़ासकर 04 02 4113 0400 01 00004667
ख़ासतौर_पर 04 02 4113 0400 01 00004667
ख़ासतौर_से 04 02 4113 0400 01 00004667
ख़ुद 04 02 4113 0400 01 00004501
ख़ुद_ब_ख़ुद 04 01 0400 01 00012384
ख़ुद_ही 04 02 4113 0400 01 00004501
ख़ुद-ब-ख़ुद 04 01 0400 01 00012384
ख़ुद-बख़ुद 04 02 4113 0400 01 00004501
ख़ुदबख़ुद 04 01 0400 01 00012384
ख़ुशी_ख़ुशी 04 05 4110 4218 4112 4113 0400 02 00002479 00000857
ख़ुशी_से 04 05 4110 4218 4112 4113 0400 02 00002479 00000857
ख़ुशी-ख़ुशी 04 03 4112 4113 0400 01 00000857
ख़ूब 04 03 4219 4113 0400 01 00013340
ख़ैर 04 02 4113 0400 02 00039793 00040254
खामोशी_से 04 03 4112 4113 0400 01 00004663
खाली 04 03 4112 4113 0400 03 00014619 00040276 00040284
खास_तौर_से 04 02 4113 0400 01 00004667
खासकर 04 02 4113 0400 01 00004667
खासतौर_पर 04 02 4113 0400 01 00004667
खासतौर_से 04 02 4113 0400 01 00004667
खुद 04 02 4113 0400 01 00004501
खुद_ब_खुद 04 02 4113 0400 02 00004501 00012384
खुद-ब-खुद 04 01 0400 01 00012384
खुद-बखुद 04 02 4113 0400 01 00004501
खुदबखुद 04 01 0400 01 00012384
खुल_कर 04 03 4224 4112 0400 01 00000528
खुलकर 04 04 4229 4112 4113 0400 01 00000796
खुले_आम 04 04 4229 4112 4113 0400 01 00000796
खुले_तौर_पर 04 03 4224 4112 0400 01 00000528
खुले-आम 04 04 4229 4112 4113 0400 01 00000796
खुलेआम 04 04 4229 4112 4113 0400 01 00000796
खुल्लम_खुल्ला 04 03 4224 4112 0400 01 00000528
खुल्लम-खुल्ला 04 04 4229 4112 4113 0400 01 00000796
खुल्लमखुल्ला 04 04 4229 4112 4113 0400 01 00000796
खुशी_खुशी 04 05 4110 4218 4112 4113 0400 02 00000857 00002479
खुशी_से 04 05 4110 4218 4112 4113 0400 02 00000857 00002479
खुशी-खुशी 04 03 4112 4113 0400 01 00000857
खूब 04 03 4219 4113 0400 01 00013340
खेल_खेल_में 04 03 4229 4113 0400 01 00004728
खेल-खेल_में 04 03 4229 4113 0400 01 00004728
खैर 04 02 4113 0400 02 00039793 00040254
गंभीर_तौर_पर 04 01 0400 01 00039891
गंभीर_रूप_से 04 02 4113 0400 01 00034837
गंभीरतापूर्वक 04 01 0400 01 00039891
गट_गट 04 02 4113 0400 01 00037442
गट-गट 04 02 4113 0400 01 00037442
गटगट 04 02 4113 0400 01 00037442
गटा_गट 04 02 4113 0400 01 00037442
गटा-गट 04 02 4113 0400 01 00037442
गटागट 04 02 4113 0400 01 00037442
गत-वर्ष 04 03 4227 4113 0400 01 00034481
गतवर्ष 04 03 4227 4113 0400 01 00034481
गम_गम 04 01 0400 01 00040008
गम-गम 04 01 0400 01 00040008
गमगम 04 01 0400 01 00040008
गम्भीर_तौर_पर 04 01 0400 01 00039891
गम्भीर_रूप_से 04 02 4113 0400 01 00034837
गम्भीरतापूर्वक 04 01 0400 01 00039891
गर्व_से 04 02 4113 0400 01 00000833
गर्वपूर्वक 04 02 4113 0400 01 00000833
गलत_वक्त_पर 04 02 4226 0400 01 00001374
गलत_समय_पर 04 02 4226 0400 01 00001374
गलत-सलत 04 02 4113 0400 01 00025225
गहराई_में 04 02 4112 0400 01 00002147
गहराई_से 04 01 0400 01 00039891
गहरे 04 02 4112 0400 01 00002147
ग़लत_वक़्त_पर 04 02 4226 0400 01 00001374
ग़लत_समय_पर 04 02 4226 0400 01 00001374
ग़लत-सलत 04 02 4113 0400 01 00025225
गाँव_गाँव 04 02 4113 0400 01 00039609
गाँव-गाँव 04 02 4113 0400 01 00039609
गांव_गांव 04 02 4113 0400 01 00039609
गांव-गांव 04 02 4113 0400 01 00039609
गाहे-गाहे 04 03 4112 4113 0400 01 00008465
गाहे-ब-गाहे 04 03 4112 4113 0400 02 00008465 00011076
गाहे-बगाहे 04 03 4112 4113 0400 02 00008465 00011076
गिरते_पड़ते 04 02 4113 0400 01 00011163
गिरते-पड़ते 04 02 4113 0400 02 00011163 00036530
गुप-चुप 04 04 4229 4112 4113 0400 01 00002297
गुप-चुप_रूप_से 04 04 4229 4112 4113 0400 01 00002297
गुपचुप 04 04 4229 4112 4113 0400 01 00002297
गुपचुप_रूप_से 04 04 4229 4112 4113 0400 01 00002297
गुप्त_रूप_से 04 04 4229 4112 4113 0400 01 00002297
गुप्ततः 04 04 4229 4112 4113 0400 01 00002297
गुमसुम 04 02 4113 0400 01 00031676
गुस्साकर 04 03 4112 4113 0400 01 00040278
गुस्से_में 04 03 4112 4113 0400 01 00040278
गुस्से_से 04 03 4112 4113 0400 01 00040278
घड़ी-घड़ी 04 02 4113 0400 01 00034532
घर_घर 04 02 4113 0400 01 00008706
घर-घर 04 02 4113 0400 01 00008706
चट_से 04 02 4113 0400 02 00001922 00018939
चटपट 04 02 4113 0400 01 00001922
चटाक_से 04 02 4113 0400 01 00018939
चटाचट 04 02 4113 0400 01 00038064
चतुर्गुण 04 02 4113 0400 01 00022932
चप्पा-चप्पा 04 02 4113 0400 01 00000929
चलते 04 04 4224 4112 4113 0400 01 00001121
चहुँ_ओर 04 02 4113 0400 01 00000929
चार_गुना 04 02 4113 0400 01 00022932
चारगुना 04 02 4113 0400 01 00022932
चारनाचार 04 02 4224 0400 01 00002095
चारों_ओर 04 02 4113 0400 01 00000929
चारों_तरफ 04 02 4113 0400 01 00000929
चारों_तरफ़ 04 02 4113 0400 01 00000929
चारों_दिशाओं_में 04 02 4113 0400 01 00000929
चिंताहीनतः 04 03 4226 4113 0400 01 00001262
चिंतिततः 04 03 4226 4113 0400 01 00001263
चुनाँचे 04 01 0400 02 00006460 00010930
चुनांचे 04 01 0400 02 00006460 00010930
चुप 04 03 4112 4113 0400 01 00004663
चुपके_से 04 02 4113 0400 01 00010786
चुपके-चुपके 04 02 4113 0400 01 00010786
चुपचाप 04 03 4112 4113 0400 01 00004663
चुस्ती_से 04 01 0400 01 00001921
चूड़ांत 04 03 4112 4113 0400 01 00013474
चूड़ान्त 04 03 4112 4113 0400 01 00013474
चोरी_छिपे 04 04 4229 4112 4113 0400 01 00002297
चोरी-छिपे 04 04 4229 4112 4113 0400 01 00002297
चौकोर_में 04 02 4113 0400 01 00009664
चौगुना 04 02 4113 0400 01 00022932
चौबारा 04 02 4113 0400 01 00014824
चौबीसों_घंटे 04 02 4113 0400 01 00007161
छःगुना 04 02 4113 0400 01 00022937
छक_छक 04 01 0400 01 00040001
छक-छक 04 01 0400 01 00040001
छकछक 04 01 0400 01 00040001
छन_छन 04 03 4112 4113 0400 01 00039999
छन-छन 04 03 4112 4113 0400 01 00039999
छनछन 04 03 4112 4113 0400 01 00039999
छम_छम 04 03 4112 4113 0400 01 00039999
छम-छम 04 03 4112 4113 0400 02 00012057 00039999
छमछम 04 03 4112 4113 0400 02 00012057 00039999
छमा-छम 04 02 4113 0400 01 00012057
छमाछम 04 02 4113 0400 01 00036453
छम्मक-छैया 04 02 4113 0400 01 00012057
छहगुना 04 02 4113 0400 01 00022937
छिन-छिन 04 01 0400 01 00007875
छिनछिन 04 01 0400 01 00007875
छिन्न-भिन्न 04 02 4113 0400 01 00009016
छिपे-छिपे 04 04 4229 4112 4113 0400 01 00002297
छुक_छुक 04 01 0400 01 00040001
छुक-छुक 04 01 0400 01 00040001
छुकछुक 04 01 0400 01 00040001
छुन_छुन 04 03 4112 4113 0400 01 00039999
छुन-छुन 04 03 4112 4113 0400 01 00039999
छुनछुन 04 03 4112 4113 0400 01 00039999
छुप-छुपकर 04 04 4229 4112 4113 0400 01 00002297
छौगुना 04 02 4113 0400 01 00022937
जगह 04 02 4113 0400 01 00035466
जगह_जगह 04 02 4113 0400 01 00011086
जगह_जगह_पर 04 02 4113 0400 01 00011086
जगह-जगह 04 02 4113 0400 01 00011086
जगह-जगह_पर 04 02 4113 0400 01 00011086
जनम-जनम 04 02 4113 0400 01 00007161
जन्म_से 04 02 4113 0400 01 00037079
जन्म-जन्म 04 02 4113 0400 01 00007161
जन्म-जन्मांतर 04 02 4113 0400 01 00007161
जन्म-जन्मान्तर 04 02 4113 0400 01 00007161
जन्मतः 04 02 4113 0400 01 00037079
जब 04 02 4113 0400 02 00005486 00005487
जबरदस्त 04 03 4112 4113 0400 01 00013474
जबरदस्ती 04 02 4113 0400 01 00009603
जबरन 04 02 4113 0400 01 00009603
जबर्दस्त 04 03 4112 4113 0400 01 00013474
जबर्दस्ती 04 02 4113 0400 01 00009603
जमकर 04 05 4110 4219 4112 4113 0400 03 00004250 00013340 00013474
जरा 04 02 4113 0400 01 00008861
जरा-सा 04 02 4113 0400 01 00008861
जरूर 04 02 4113 0400 02 00003150 00030693
जल्द 04 04 4110 4229 4113 0400 01 00002620
जल्द_से_जल्द 04 02 4113 0400 01 00001922
जल्दी 04 04 4110 4229 4113 0400 02 00002620 00019209
जल्दी_से 04 04 4110 4229 4113 0400 02 00002620 00040244
जल्दी_से_जल्दी 04 02 4113 0400 01 00001922
जल्दी-जल्दी 04 01 0400 01 00040244
जहाँ 04 02 4113 0400 01 00023755
जहाँ_तक_हो_सके 04 02 4113 0400 01 00036420
जहाँ-तहाँ 04 02 4113 0400 02 00002092 00033843
जहां 04 02 4113 0400 01 00023755
जहां-तहां 04 02 4113 0400 01 00033843
ज़बरदस्त 04 03 4112 4113 0400 01 00013474
ज़बरदस्ती 04 02 4113 0400 01 00009603
ज़बरन 04 02 4113 0400 01 00009603
ज़बर्दस्त 04 03 4112 4113 0400 01 00013474
ज़बर्दस्ती 04 02 4113 0400 01 00009603
ज़रा 04 02 4113 0400 01 00008861
ज़रा-सा 04 02 4113 0400 01 00008861
ज़रूर 04 02 4113 0400 02 00003150 00030693
ज़िंदगी_भर 04 02 4113 0400 01 00008522
ज़ोर_से 04 03 4112 4113 0400 01 00011105
ज़ोर-शोर_से 04 02 4113 0400 01 00013550
ज़ोरशोर_से 04 02 4113 0400 01 00013550
ज़ोरों_से 04 02 4113 0400 01 00013550
ज़्यादा 04 03 4219 4113 0400 02 00011702 00013340
ज़्यादा_से_ज़्यादा 04 02 4113 0400 01 00034793
ज़्यादातर 04 02 4113 0400 01 00007211
जाँच_परख_कर 04 02 4113 0400 01 00011739
जाँच_परखकर 04 02 4113 0400 01 00011739
जाँच-परख_कर 04 02 4113 0400 01 00011739
जाँच-परखकर 04 02 4113 0400 01 00011739
जान-बूझकर 04 02 4113 0400 01 00010972
जानबूझ_कर 04 02 4113 0400 01 00010972
जानबूझकर 04 02 4113 0400 01 00010972
जिंदगी_भर 04 02 4113 0400 01 00008522
जिज्ञासावश 04 03 4112 4113 0400 01 00036272
जिस_तरह 04 02 4113 0400 01 00032637
जिस_तरह_से 04 02 4113 0400 01 00032637
जिस_तरह_हो 04 02 4113 0400 01 00034654
जिस_प्रकार 04 02 4113 0400 01 00032637
जिस_प्रकार_से 04 02 4113 0400 01 00032637
जी_नहीं 04 02 4113 0400 01 00012705
जीवन_भर 04 02 4113 0400 01 00008522
जीवनपर्यन्त 04 02 4113 0400 01 00008522
जुगत_लगाकर 04 03 4110 4113 0400 01 00000594
जैसा 04 02 4113 0400 01 00032637
जैसा_कि 04 01 0400 01 00010930
जैसे 04 02 4113 0400 01 00032637
जैसे_का_तैसा 04 02 4113 0400 01 00019292
जैसे_जैसे 04 02 4113 0400 01 00021989
जैसे_तैसे 04 04 4229 4112 4113 0400 01 00000595
जैसे_भी_हो 04 02 4113 0400 01 00021991
जैसे_हो 04 02 4113 0400 01 00021991
जैसे-जैसे 04 02 4113 0400 01 00021989
जैसे-तैसे 04 02 4113 0400 01 00021988
जोर_से 04 03 4112 4113 0400 01 00011105
जोर-शोर_से 04 02 4113 0400 01 00013550
जोरशोर_से 04 02 4113 0400 01 00013550
जोरों_से 04 02 4113 0400 01 00013550
ज्यादा 04 03 4219 4113 0400 02 00011702 00013340
ज्यादा_से_ज्यादा 04 02 4113 0400 01 00034793
ज्यादातर 04 02 4113 0400 01 00007211
ज्यों_का_त्यों 04 02 4113 0400 01 00019292
ज्यों_ज्यों 04 02 4113 0400 01 00021989
ज्यों-ज्यों 04 02 4113 0400 01 00021989
ज्यों-त्यों 04 02 4113 0400 01 00021988
झकझोरकर 04 02 4113 0400 01 00038074
झट 04 02 4113 0400 01 00001922
झट_से 04 02 4113 0400 01 00001922
झटके_के_साथ 04 02 4113 0400 01 00024222
झटके_से 04 02 4113 0400 01 00024222
झटपट 04 02 4113 0400 01 00001922
झटा_झट 04 02 4113 0400 01 00001922
झटा-झट 04 02 4113 0400 01 00001922
झम-झम 04 00 01 00040250
झमा-झम 04 00 01 00040250
झमाझम 04 02 4113 0400 02 00036453 00036454
झूठ-मूठ 04 04 4224 4112 4113 0400 01 00002244
टक-टक 04 02 4113 0400 01 00007872
टकटकी_से 04 02 4113 0400 01 00007872
टनाटन 04 03 4229 4113 0400 01 00014108
टुक_टुक 04 02 4113 0400 01 00007872
टुक-टुक 04 02 4113 0400 01 00007872
टुकर_टुकर 04 02 4113 0400 01 00007872
टुकर-टुकर 04 02 4113 0400 01 00007872
टुकुर_टुकुर 04 02 4113 0400 01 00007872
टुकुर-टुकुर 04 02 4113 0400 01 00007872
टेढ़ा 04 02 4113 0400 01 00032591
ठंडे_ठंडे 04 03 4112 4113 0400 01 00019130
ठंडे-ठंडे 04 03 4112 4113 0400 01 00019130
ठंढे_ठंढे 04 03 4112 4113 0400 01 00019130
ठंढे-ठंढे 04 03 4112 4113 0400 01 00019130
ठसाठस 04 02 4113 0400 01 00005766
ठहर-ठहर_कर 04 03 4229 4113 0400 01 00001850
ठहर-ठहरकर 04 03 4229 4113 0400 01 00001850
ठहाका 04 02 4113 0400 01 00001922
ठाठ_से 04 02 4113 0400 01 00040279
ठीक 04 02 4113 0400 04 00006468 00019562 00009665 00039339
ठीक_ठाक 04 03 4112 4113 0400 02 00009665 00013133
ठीक_ठाक_से 04 03 4112 4113 0400 01 00013133
ठीक_मौक़े_पर 04 02 4113 0400 02 00036517 00037185
ठीक_मौके_पर 04 02 4113 0400 02 00036517 00037185
ठीक_वक़्त_पर 04 02 4113 0400 02 00036517 00037185
ठीक_वक्त_पर 04 02 4113 0400 02 00036517 00037185
ठीक_समय_पर 04 02 4113 0400 02 00036517 00037185
ठीक_से 04 03 4112 4113 0400 02 00013133 00019562
ठीक-ठाक 04 03 4112 4113 0400 02 00009665 00013133
ठीक-ठाक_से 04 03 4112 4113 0400 01 00013133
ठीकठाक 04 03 4112 4113 0400 02 00009665 00013133
ठुँसाठुँस 04 02 4113 0400 01 00005766
ठुमक-ठुमक 04 02 4113 0400 01 00034330
ठुमकठुमक 04 02 4113 0400 01 00034330
ठुसाठुस 04 02 4113 0400 01 00005766
ठेलम_ठेल 04 02 4113 0400 01 00040010
ठेलम-ठेल 04 02 4113 0400 01 00040010
ठेलमठेल 04 02 4113 0400 01 00040010
डंके_की_चोट_पर 04 04 4229 4112 4113 0400 01 00000796
डगमगाता 04 02 4113 0400 01 00034805
डगमगाता_हुआ 04 02 4113 0400 01 00034805
डटकर 04 03 4219 4113 0400 02 00035611 00013340
डींग_मारते_हुए 04 02 4113 0400 01 00005934
ढंग_से 04 01 0400 01 00005946
ढ़ग_से 04 03 4112 4113 0400 01 00040285
ढिंग 04 03 4223 4113 0400 01 00000373
तकरीबन 04 02 4112 0400 02 00002102 00038550
तक़रीबन 04 02 4112 0400 02 00002102 00038550
तख़मीनन 04 02 4112 0400 01 00002102
तड़_से 04 02 4113 0400 02 00001922 00018939
तड़के 04 03 4110 4113 0400 01 00005537
तड़ाक_से 04 02 4113 0400 02 00018939 00001922
तड़ातड़ 04 02 4113 0400 02 00018972 00037420
तत्काल 04 04 4110 4229 4113 0400 01 00002620
तत्क्षण 04 04 4110 4229 4113 0400 01 00002620
तत्पश्चात 04 02 4113 0400 01 00008978
तत्पश्चात् 04 02 4113 0400 01 00008978
तथापि 04 02 4113 0400 01 00028171
तद_उपरांत 04 02 4113 0400 01 00008978
तद_उपरान्त 04 02 4113 0400 01 00008978
तदंतर 04 02 4113 0400 01 00008978
तदनंतर 04 02 4113 0400 01 00008978
तदनन्तर 04 02 4113 0400 01 00008978
तदनुकूल 04 02 4113 0400 01 00034198
तदनुरूप 04 02 4113 0400 01 00034198
तदनुसार 04 02 4113 0400 01 00034198
तदन्तर 04 02 4113 0400 01 00008978
तदुपरांत 04 02 4113 0400 01 00008978
तदुपरान्त 04 02 4113 0400 01 00008978
तदोपरांत 04 02 4113 0400 01 00008978
तदोपरान्त 04 02 4113 0400 01 00008978
तनहा 04 03 4112 4113 0400 01 00014619
तनिक 04 02 4113 0400 01 00008861
तन्हा 04 03 4112 4113 0400 01 00014619
तपाक_से 04 02 4113 0400 01 00001922
तब 04 02 4113 0400 02 00005933 00005935
तब_भी 04 02 4113 0400 01 00028171
तब_ही 04 02 4113 0400 01 00032638
तभी 04 02 4113 0400 02 00032638 00032639
तरकीब_से 04 03 4110 4113 0400 01 00000594
तरतीब_से 04 03 4112 4113 0400 01 00000854
तरतीबवार 04 03 4112 4113 0400 01 00004556
तरफ_से 04 02 4113 0400 01 00036131
तरसों 04 03 4227 4113 0400 02 00022211 00022212
तरह_से 04 03 4112 4113 0400 01 00040285
तरीक़े_से 04 04 4110 4112 4113 0400 04 00000854 00000594 00005946 00040285
तरीके_से 04 03 4112 4113 0400 02 00000854 00040285
तल_भूनकर 04 02 4113 0400 01 00038769
तल-भूनकर 04 02 4113 0400 01 00038769
तसल्ली_से 04 02 4113 0400 01 00038077
ताउम्र 04 02 4113 0400 01 00008522
ताबड़तोड़ 04 03 4229 4113 0400 01 00002868
तिगुना 04 02 4113 0400 01 00022931
तितर-बितर 04 02 4113 0400 01 00009016
तिबारा 04 02 4113 0400 01 00014816
तिरछा 04 02 4113 0400 01 00032591
तिरपट 04 02 4113 0400 01 00032591
तिर्यक 04 02 4113 0400 01 00032591
तीन_गुना 04 02 4113 0400 01 00022931
तीनगुना 04 02 4113 0400 01 00022931
तीव्रता_से 04 03 4112 4113 0400 01 00011105
तुरंत 04 04 4110 4229 4113 0400 01 00002620
तुरन्त 04 04 4110 4229 4113 0400 01 00002620
तुलना_में 04 01 0400 01 00008220
तूर्ण 04 04 4110 4229 4113 0400 01 00002620
तेज 04 03 4112 4113 0400 02 00034416 00011105
तेज_गति_से 04 02 4113 0400 01 00034416
तेज़ 04 03 4112 4113 0400 02 00011105 00034416
तेज़ी_से 04 03 4112 4113 0400 03 00034416 00011105 00040244
तेजी_से 04 03 4112 4113 0400 03 00034416 00011105 00040244
तेबारा 04 02 4113 0400 01 00014816
तो_भी 04 02 4113 0400 01 00028171
थर_थर 04 02 4113 0400 01 00003220
थर-थर 04 02 4113 0400 01 00003220
थरथर 04 02 4113 0400 01 00003220
थोड़ा 04 03 4219 4113 0400 02 00034925 00008861
थोड़ा_थोड़ा 04 03 4110 4113 0400 01 00001737
थोड़ा_सा 04 02 4113 0400 02 00008861 00013455
थोड़ा-थोड़ा 04 03 4110 4113 0400 01 00001737
थोड़ा-बहुत 04 02 4113 0400 01 00024746
थोड़ा-सा 04 02 4113 0400 01 00008861
थोड़ी-थोड़ी_देर_में 04 02 4113 0400 01 00034532
दनादन 04 03 4229 4113 0400 03 00006088 00002868 00001922
दया_से 04 02 4218 0400 01 00001179
दयापूर्वक 04 02 4218 0400 01 00001179
दर-दर 04 02 4113 0400 01 00009077
दर-ब-दर 04 02 4113 0400 01 00009077
दर-बदर 04 02 4113 0400 01 00009077
दरअसल 04 02 4113 0400 01 00000526
दरकिनार 04 02 4113 0400 01 00024384
दरपरदा 04 02 4113 0400 01 00010786
दरपेश 04 02 4113 0400 01 00000892
दरबदर 04 02 4113 0400 01 00009077
दरसाल 04 03 4110 4113 0400 01 00011091
दर्शनार्थ 04 02 4113 0400 01 00006364
दश_गुना 04 02 4113 0400 01 00022941
दशगुना 04 02 4113 0400 01 00022941
दस_गुना 04 02 4113 0400 01 00022941
दसगुना 04 02 4113 0400 01 00022941
दिन_दहाड़े 04 01 0400 01 00037425
दिन_रात 04 02 4113 0400 01 00007161
दिन-दिन 04 02 4113 0400 01 00012269
दिन-पर-दिन 04 02 4113 0400 01 00012269
दिन-प्रतिदिन 04 02 4113 0400 01 00012269
दिन-ब-दिन 04 02 4113 0400 01 00012269
दिन-बदिन 04 02 4113 0400 01 00012269
दिन-रात 04 02 4113 0400 01 00007161
दिनदहाड़े 04 01 0400 01 00037425
दिनदिन 04 02 4113 0400 01 00012269
दिनप्रतिदिन 04 02 4113 0400 01 00012269
दिनबदिन 04 02 4113 0400 01 00012269
दिनभर 04 03 4112 4113 0400 01 00009105
दिनरात 04 02 4113 0400 01 00007161
दिनों-दिन 04 02 4113 0400 01 00012269
दिनोंदिन 04 02 4113 0400 01 00012269
दुगना 04 02 4113 0400 01 00022928
दुगुना 04 02 4113 0400 01 00022928
दुबारा 04 02 4113 0400 01 00002814
दुर्भाग्य_से 04 04 4224 4112 4113 0400 01 00038559
दुर्भाग्यवश 04 04 4224 4112 4113 0400 01 00038559
दूना 04 02 4113 0400 01 00022928
दूर 04 04 4223 4112 4113 0400 03 00034415 00003075 00024384
दूर_दूर 04 02 4113 0400 01 00038766
दूर-दूर 04 02 4113 0400 01 00038766
दूसरी_ओर 04 02 4113 0400 01 00035042
दूसरी_तरफ 04 02 4113 0400 02 00032640 00035042
दूसरी_तरफ़ 04 02 4113 0400 01 00035042
दृढ़ता_से 04 02 4113 0400 01 00037132
दृढ़तापूर्वक 04 04 4110 4112 4113 0400 02 00002445 00004250
देर_से 04 02 4227 0400 01 00001586
देर-सवेर 04 02 4113 0400 02 00020897 00020898
देरी_से 04 02 4227 0400 01 00001586
देश-देश 04 02 4113 0400 01 00039864
देशभर 04 02 4113 0400 01 00039929
दैनंदिन 04 01 0400 01 00006459
दैवयोग_से 04 04 4224 4112 4113 0400 01 00038558
दैववश 04 02 4113 0400 01 00000051
दैवात् 04 02 4113 0400 01 00000051
दोगुना 04 02 4113 0400 01 00022928
दोबारा 04 02 4113 0400 01 00002814
दोहरा 04 02 4113 0400 01 00022928
द्वार-द्वार 04 02 4113 0400 01 00009077
द्विगुण 04 02 4113 0400 01 00022928
द्विगुणित 04 02 4113 0400 01 00022928
द्वेषपूर्वक 04 03 4110 4224 0400 01 00001118
द्वेषहीनतः 04 02 4224 0400 01 00001117
धक_धक 04 03 4112 4113 0400 01 00040003
धक-धक 04 03 4112 4113 0400 01 00040003
धकधक 04 03 4112 4113 0400 01 00040003
धड़ाधड़ 04 03 4229 4113 0400 02 00002868 00019572
धड़ाम_से 04 03 4112 4113 0400 01 00039998
धम_धम 04 03 4112 4113 0400 01 00040009
धम-धम 04 03 4112 4113 0400 01 00040009
धमधम 04 03 4112 4113 0400 01 00040009
धर्मार्थ 04 03 4110 4113 0400 01 00015437
धीमा 04 02 4113 0400 01 00037505
धीमे 04 03 4218 4113 0400 02 00010084 00010085
धीमे_से 04 02 4113 0400 01 00035551
धीमे-धीमे 04 02 4113 0400 01 00010085
धीरे 04 03 4218 4113 0400 02 00010084 00010085
धीरे_धीरे 04 02 4113 0400 01 00010085
धीरे_से 04 02 4113 0400 02 00010085 00035551
धीरे-धीरे 04 02 4113 0400 01 00010085
धुक_धुक 04 03 4112 4113 0400 01 00040003
धुक-धुक 04 03 4112 4113 0400 01 00040003
धुकधुक 04 03 4112 4113 0400 01 00040003
धू_धू 04 03 4112 4113 0400 01 00040005
धू-धू 04 03 4112 4113 0400 01 00040005
धूधू 04 03 4112 4113 0400 01 00040005
ध्यान_से 04 02 4226 0400 02 00001920 00040245
ध्यानपूर्वक 04 02 4226 0400 02 00001920 00040245
ध्यानहीनतः 04 03 4226 4113 0400 01 00001963
न 04 02 4113 0400 01 00012705
नंगे_पैर 04 02 4113 0400 01 00005673
नए_सिरे_से 04 02 4113 0400 01 00035063
नजदीक 04 03 4223 4113 0400 01 00000373
नजदीक_में 04 02 4113 0400 01 00008480
नज़दीक 04 03 4223 4113 0400 01 00000373
नज़दीक_में 04 02 4113 0400 01 00008480
नजीक 04 03 4223 4113 0400 01 00000373
नतीजतन 04 02 4113 0400 01 00010835
नम्रतापूर्वक 04 03 4112 4113 0400 01 00012899
नरसों 04 03 4227 4113 0400 02 00022211 00022212
नवगुना 04 02 4113 0400 01 00022940
नहीं 04 02 4113 0400 01 00012705
ना 04 02 4113 0400 01 00012705
नाख़ुशी_से 04 04 4110 4229 4113 0400 02 00001093 00001093
नागहाँ 04 02 4113 0400 01 00000051
नाते 04 02 4113 0400 01 00039595
नाममात्र 04 02 4113 0400 01 00013455
नाराजगी_से 04 04 4110 4229 4113 0400 01 00001093
नाराजगीपूर्वक 04 04 4110 4229 4113 0400 01 00001093
नाराज़गी_से 04 04 4110 4229 4113 0400 01 00001093
नाराज़गीपूर्वक 04 04 4110 4229 4113 0400 01 00001093
नाहक 04 04 4224 4112 4113 0400 01 00002244
नाहक़ 04 04 4224 4112 4113 0400 01 00002244
निःशब्द 04 03 4112 4113 0400 01 00004663
निःसंकोच 04 03 4112 4113 0400 01 00003726
निःसंदेह 04 02 4113 0400 01 00003150
निःसन्देह 04 02 4113 0400 01 00003150
निःस्वार्थ 04 02 4113 0400 01 00019588
निकट 04 03 4223 4113 0400 01 00000373
निकट_में 04 03 4223 4113 0400 01 00000373
नित 04 01 0400 01 00006459
नितांत 04 02 4113 0400 01 00006468
नितान्त 04 02 4113 0400 01 00006468
नित्य 04 02 4113 0400 02 00006459 00007161
नित्य_प्रति 04 02 4113 0400 01 00007161
नित्यदा 04 02 4113 0400 01 00007161
नित्यप्रति 04 01 0400 01 00006459
निपट 04 03 4112 4113 0400 02 00006468 00014619
निमिष-मात्र 04 03 4112 4113 0400 01 00012924
निमेष-मात्र 04 03 4112 4113 0400 01 00012924
निम्नतः 04 02 4113 0400 01 00002148
नियम_से 04 03 4110 4113 0400 01 00007162
नियमानुसार 04 03 4110 4113 0400 02 00005946 00007162
नियमिततः 04 03 4110 4113 0400 01 00007162
निरंतर 04 03 4229 4113 0400 02 00002868 00007161
निरन्तर 04 03 4229 4113 0400 02 00002868 00007161
निरुद्देश्य 04 02 4224 0400 01 00001455
निरुद्देश्यतः 04 02 4224 0400 01 00001455
निर्दयता_से 04 02 4218 0400 01 00001170
निर्दयतापूर्वक 04 02 4218 0400 01 00001170
निर्निमिष 04 02 4113 0400 01 00007872
निर्निमेख 04 02 4113 0400 01 00007872
निर्निमेष 04 02 4113 0400 01 00007872
निर्बाध 04 02 4113 0400 01 00031986
निशिदिन 04 02 4113 0400 01 00007161
निशिवासर 04 02 4113 0400 01 00007161
निश्चयपूर्वक 04 03 4112 4113 0400 01 00002445
निश्चिंततः 04 03 4226 4113 0400 01 00001262
निश्चिततः 04 02 4113 0400 01 00003150
निश्शब्द 04 03 4112 4113 0400 01 00004663
निषेधार्थ 04 03 4112 4113 0400 01 00037864
निष्कारण 04 04 4224 4112 4113 0400 01 00002243
निस-वासर 04 02 4113 0400 01 00007161
निसंकोच 04 03 4112 4113 0400 01 00003726
निसंदेह 04 02 4113 0400 01 00003150
निसन्देह 04 02 4113 0400 01 00003150
निसवासर 04 02 4113 0400 01 00007161
निसाँक 04 03 4112 4113 0400 01 00003726
निस्वार्थ 04 02 4113 0400 01 00019588
निस्संकोच 04 03 4112 4113 0400 01 00003726
निस्संदेह 04 02 4113 0400 01 00003150
निस्सन्देह 04 02 4113 0400 01 00003150
निहायत 04 03 4112 4113 0400 01 00013474
नीचे 04 03 4112 4113 0400 02 00002148 00008992
नीचे_से_ऊपर_तक 04 02 4113 0400 01 00035289
नीठि 04 04 4229 4112 4113 0400 01 00000595
नौगुना 04 02 4113 0400 01 00022940
न्यूनाधिक 04 02 4113 0400 01 00024746
पक्का 04 02 4113 0400 01 00030693
पग_पग_पर 04 02 4113 0400 01 00038939
पग-पग_पर 04 02 4113 0400 02 00037365 00038939
पचगुना 04 02 4113 0400 01 00022933
पट 04 02 4113 0400 01 00006621
पट_से 04 02 4113 0400 02 00018939 00001922
पटाक_से 04 02 4113 0400 01 00018939
पट्ट 04 02 4113 0400 01 00006621
पद_प्रति_पद 04 02 4113 0400 01 00004558
पर_सवार 04 02 4113 0400 01 00038931
परंपरानुसार 04 02 4113 0400 01 00009594
परभारे 04 02 4113 0400 01 00035664
परवशतः 04 03 4229 4113 0400 01 00002116
परसाल 04 03 4227 4113 0400 02 00034481 00039160
परसेंट 04 02 4113 0400 01 00009502
परसेन्ट 04 02 4113 0400 01 00009502
परसों 04 03 4227 4113 0400 02 00022210 00022209
परस्पर 04 02 4113 0400 01 00006712
पराधीनतः 04 03 4229 4113 0400 01 00002116
परिणाम_स्वरूप 04 02 4113 0400 01 00010835
परिणामतः 04 02 4113 0400 01 00010835
परिणामस्वरूप 04 02 4113 0400 01 00010835
परे 04 04 4223 4112 4113 0400 04 00003075 00013309 00013310 00002107
पर्याप्त 04 02 4113 0400 01 00031100
पर्सेंट 04 02 4113 0400 01 00009502
पर्सेन्ट 04 02 4113 0400 01 00009502
पल_पल 04 01 0400 01 00007875
पल-पल 04 01 0400 01 00007875
पल-भर 04 03 4112 4113 0400 01 00012924
पलभर 04 03 4112 4113 0400 01 00012924
पश्चतः 04 02 4220 0400 01 00001267
पश्चात 04 02 4113 0400 01 00002813
पश्चात् 04 02 4113 0400 01 00002813
पहले 04 05 4227 4112 4330 4113 0400 04 00006768 00006769 00003641 00035465
पहले_पहल 04 03 4112 4113 0400 01 00000855
पहले_से 04 01 0400 01 00006907
पहले_से_ही 04 02 4113 0400 02 00034714 00006907
पहले_ही 04 02 4113 0400 01 00034714
पहले-पहल 04 03 4112 4113 0400 01 00000855
पहिले_पहल 04 03 4112 4113 0400 01 00000855
पहिले-पहल 04 03 4112 4113 0400 01 00000855
पाँचगुना 04 02 4113 0400 01 00022933
पाछे 04 02 4220 0400 01 00001267
पार 04 02 4113 0400 01 00032640
पास 04 03 4223 4113 0400 02 00000373 00000853
पास_पड़ोस 04 02 4113 0400 01 00008480
पास_में 04 03 4223 4113 0400 01 00000373
पास-पड़ोस 04 02 4113 0400 01 00008480
पिछले_बरस 04 03 4227 4113 0400 01 00034481
पिछले_वर्ष 04 03 4227 4113 0400 01 00034481
पिछले_साल 04 03 4227 4113 0400 01 00034481
पिन्ना 04 02 4113 0400 01 00007161
पीछू 04 05 4220 4224 4112 4113 0400 07 00001121 00001267 00001268 00002813 00035055 00035398 00037505
पीछे 04 05 4220 4224 4112 4113 0400 07 00001121 00001267 00001268 00002813 00035055 00035398 00037505
पीछे-पीछे 04 02 4220 0400 01 00001268
पुनः 04 02 4113 0400 01 00002814
पुनः-पुनः 04 02 4113 0400 01 00011236
पूरा 04 03 4110 4113 0400 03 00026759 00036789 00036420
पूरी_तरह 04 02 4110 0400 01 00026759
पूरी_तरह_से 04 02 4113 0400 01 00006468
पूरे_दिन 04 03 4112 4113 0400 01 00009105
पूर्ण_रूप_से 04 02 4113 0400 01 00006468
पूर्णतः 04 02 4113 0400 01 00006468
पूर्णतया 04 02 4113 0400 01 00006468
पूर्णरुपेण 04 02 4113 0400 01 00006468
पूर्व 04 02 4113 0400 02 00006768 00035465
पूर्वतः 04 01 0400 01 00006907
पूर्ववत 04 03 4112 4113 0400 01 00009478
पूर्ववत् 04 03 4112 4113 0400 01 00009478
पूर्वापर 04 03 4112 4113 0400 01 00010759
पृथक_पृथक 04 02 4113 0400 01 00035077
पृथक-पृथक 04 02 4113 0400 01 00035077
पृष्ठतः 04 02 4220 0400 01 00001267
पेटकैयाँ 04 02 4113 0400 01 00006621
पेटभर 04 02 4113 0400 01 00004723
पेश 04 02 4113 0400 01 00000892
पैदल 04 02 4113 0400 01 00006274
प्यार_से 04 01 0400 01 00040277
प्रकार_से 04 03 4112 4113 0400 01 00040285
प्रति_क्षण 04 01 0400 01 00007875
प्रतिक्षण 04 03 4229 4113 0400 02 00007875 00002868
प्रतिदिन 04 01 0400 01 00006459
प्रतिपल 04 01 0400 01 00007875
प्रतिरूपतः 04 02 4113 0400 01 00003916
प्रतिवर्ष 04 03 4110 4113 0400 01 00011091
प्रतिशत 04 02 4113 0400 01 00009502
प्रत्यक्ष 04 02 4113 0400 01 00034787
प्रत्यक्षतः 04 04 4229 4112 4113 0400 01 00037341
प्रत्येक_दशा_में 04 02 4113 0400 01 00034654
प्रथम 04 02 4113 0400 01 00006768
प्रथमतः 04 03 4112 4113 0400 02 00000855 00006768
प्रयत्न_से 04 04 4218 4112 4113 0400 01 00000053
प्रयत्नतः 04 04 4218 4112 4113 0400 01 00000053
प्रयत्नपूर्वक 04 04 4218 4112 4113 0400 01 00000053
प्रयत्नहीनतः 04 04 4218 4112 4113 0400 01 00000052
प्रयोजनतः 04 04 4224 4112 4113 0400 01 00001121
प्रयोजनहीनतः 04 04 4224 4112 4113 0400 01 00002244
प्रवाह_की_ओर 04 02 4113 0400 01 00027740
प्रवाह_की_दिशा_में 04 02 4113 0400 01 00027740
प्रसन्नतः 04 04 4110 4218 4113 0400 01 00002479
प्रसन्नतापूर्वक 04 04 4110 4218 4113 0400 01 00002479
प्रायः 04 02 4113 0400 03 00007211 00001811 00038550
प्रायशः 04 02 4113 0400 01 00007211
प्रारंभ_में 04 02 4113 0400 01 00006768
प्रारम्भ_में 04 02 4113 0400 01 00006768
प्रेम_से 04 01 0400 01 00040277
प्रेमपूर्वक 04 01 0400 01 00040277
फजूल_ही 04 04 4224 4112 4113 0400 01 00002244
फट_से 04 02 4113 0400 01 00001922
फटा_फट 04 02 4113 0400 01 00001922
फटा-फट 04 02 4113 0400 01 00001922
फटाफट 04 02 4113 0400 01 00001922
फड़_फड़ 04 03 4112 4113 0400 01 00040012
फड़-फड़ 04 03 4112 4113 0400 01 00040012
फड़फड़ 04 03 4112 4113 0400 01 00040012
फर_फर 04 03 4112 4113 0400 01 00040012
फर-फर 04 03 4112 4113 0400 01 00040012
फरफर 04 03 4112 4113 0400 01 00040012
फलतः 04 02 4113 0400 01 00010835
फलस्वरूप 04 02 4113 0400 01 00010835
फ़ज़ूल_ही 04 04 4224 4112 4113 0400 01 00002244
फ़जूल 04 02 4113 0400 01 00017931
फ़िज़ूल_ही 04 04 4224 4112 4113 0400 01 00002244
फ़िजूल 04 02 4113 0400 01 00017931
फ़िलहाल 04 05 4110 4227 4336 4113 0400 02 00002785 00011083
फ़ीसदी 04 02 4113 0400 01 00009502
फ़ुरसत_से 04 02 4113 0400 01 00038077
फ़ुर्सत_से 04 02 4113 0400 01 00038077
फ़ौरन 04 04 4110 4229 4113 0400 02 00001922 00002620
फिजूल 04 02 4113 0400 01 00017931
फिजूल_ही 04 04 4224 4112 4113 0400 01 00002244
फिर 04 02 4113 0400 01 00002814
फिर_भी 04 02 4113 0400 01 00028171
फिर_से 04 02 4113 0400 01 00002814
फिलहाल 04 05 4110 4227 4336 4113 0400 02 00002785 00011083
फीसद 04 02 4113 0400 01 00009502
फीसदी 04 02 4113 0400 01 00009502
फुर_फुर 04 03 4112 4113 0400 01 00040012
फुर-फुर 04 03 4112 4113 0400 01 00040012
फुरफुर 04 03 4112 4113 0400 01 00040012
फुरसत_से 04 02 4113 0400 01 00038077
फुर्ती_से 04 01 0400 01 00001921
फुर्सत_से 04 02 4113 0400 01 00038077
फूट-फूटकर 04 02 4113 0400 01 00013909
फूटफूट_कर 04 02 4113 0400 01 00013909
फूर्ती_से 04 01 0400 01 00040244
फौरन 04 04 4110 4229 4113 0400 02 00001922 00002620
बख़ूबी 04 03 4112 4113 0400 01 00016207
बख़ैर 04 03 4112 4113 0400 01 00013133
बख़ैरीय 04 03 4112 4113 0400 01 00013133
बखूबी 04 03 4112 4113 0400 01 00016207
बखैर 04 03 4112 4113 0400 01 00013133
बखैरीयत 04 03 4112 4113 0400 01 00013133
बग-मेल 04 02 4113 0400 01 00021460
बगछुट 04 02 4113 0400 01 00011941
बगटुट 04 02 4113 0400 01 00011941
बगमेल 04 02 4113 0400 01 00021460
बजाय 04 02 4113 0400 01 00035466
बजे 04 02 4113 0400 01 00011099
बड़ा 04 03 4219 4113 0400 01 00013340
बड़ी_मुश्किल_से 04 02 4113 0400 01 00036530
बढ़ा-चढ़ाकर 04 02 4113 0400 01 00012676
बढ़ाचढ़ाकर 04 02 4113 0400 01 00012676
बढ़िया 04 03 4229 4113 0400 02 00014108 00009665
बतौर 04 01 0400 01 00005946
बतौर_उदाहरण 04 01 0400 01 00010930
बदकिस्मती_से 04 04 4224 4112 4113 0400 01 00038559
बदले 04 02 4113 0400 01 00035466
बदस्तूर 04 03 4110 4113 0400 02 00009594 00007162
बदौलत 04 04 4224 4112 4113 0400 02 00035076 00001121
बनिस्बत 04 01 0400 01 00008220
बमुश्किल 04 04 4229 4112 4113 0400 01 00000595
बरकरार 04 02 4113 0400 01 00034620
बरज़ोरी 04 02 4113 0400 01 00009603
बरबस 04 03 4224 4113 0400 02 00002095 00009603
बराए_मेहरबानी 04 02 4218 0400 01 00001179
बराबर 04 03 4229 4113 0400 06 00002868 00007161 00030991 00035653 00036589 00039339
बर्बरतापूर्वक 04 02 4218 0400 01 00001170
बलपूर्वक 04 02 4113 0400 01 00009603
बशर्ते_कि 04 02 4113 0400 01 00005487
बस 04 03 4112 4113 0400 04 00009611 00014619 00040276 00040284
बहरहाल 04 02 4113 0400 01 00034654
बहुत 04 03 4219 4113 0400 01 00013340
बहुत_अधिक 04 03 4112 4113 0400 01 00013474
बहुत_करके 04 02 4113 0400 01 00007211
बहुत_कुछ 04 01 0400 01 00038805
बहुत_खराब 04 03 4229 4113 0400 01 00014109
बहुत_ख़राब 04 03 4229 4113 0400 01 00014109
बहुत_जल्दी 04 01 0400 01 00040244
बहुत_बार 04 02 4113 0400 01 00007210
बहुत_बुरा 04 03 4229 4113 0400 01 00014109
बहुत_ही 04 03 4112 4113 0400 01 00013474
बहुत-कुछ 04 01 0400 01 00038805
बहुतेरा 04 03 4112 4113 0400 01 00013474
बहुधा 04 02 4113 0400 01 00007211
बा-जाब्ता 04 01 0400 01 00005946
बाँका 04 02 4113 0400 01 00032591
बांका 04 02 4113 0400 01 00032591
बाइज़्ज़त 04 02 4113 0400 01 00023778
बाइज्जत 04 02 4113 0400 01 00023778
बाएँ 04 01 0400 01 00003895
बाएँ_बाज़ू 04 01 0400 01 00003895
बाक़ाइदा 04 03 4112 4113 0400 02 00000854 00005946
बाक़ायदा 04 03 4112 4113 0400 02 00000854 00005946
बाकाइदा 04 03 4112 4113 0400 02 00000854 00005946
बाकायदा 04 03 4112 4113 0400 02 00000854 00005946
बाद 04 02 4113 0400 02 00002813 00013310
बाद_भी 04 01 0400 01 00034295
बाद_में 04 02 4113 0400 01 00013310
बाद-हवाई 04 02 4113 0400 01 00017931
बादहवाई 04 02 4113 0400 01 00017931
बाधारहित 04 02 4113 0400 01 00031986
बायें 04 01 0400 01 00003895
बार_बार 04 02 4113 0400 01 00011236
बार-बार 04 02 4113 0400 01 00011236
बारंबार 04 02 4113 0400 01 00011236
बारम्बार 04 02 4113 0400 01 00011236
बारी-बारी_से 04 03 4112 4113 0400 01 00004556
बारीक़ी_से 04 03 4112 4113 0400 01 00011074
बारीकी_से 04 03 4112 4113 0400 01 00011074
बारे 04 02 4224 0400 01 00002093
बावज़ूद 04 01 0400 01 00034295
बावजूद 04 01 0400 01 00034295
बाशिन्दा 04 02 4113 0400 01 00003150
बासऊर 04 04 4224 4112 4113 0400 01 00000559
बाहर 04 03 4223 4113 0400 03 00007264 00023775 00007265
बाहर-भीतर 04 02 4113 0400 01 00035768
बिंदास 04 02 4113 0400 01 00036767
बिन_बोले 04 03 4112 4113 0400 01 00004663
बिना 04 01 0400 01 00034374
बिना_असुविधा 04 03 4229 4113 0400 01 00004728
बिना_कठिनाई 04 03 4229 4113 0400 01 00004728
बिना_दिक्कत 04 03 4229 4113 0400 01 00004728
बिना_परिश्रम 04 04 4218 4112 4113 0400 01 00000052
बिना_परेशानी 04 03 4229 4113 0400 01 00004728
बिना_बिचारे 04 04 4229 4112 4113 0400 01 00002824
बिना_बोले 04 03 4112 4113 0400 01 00004663
बिना_मतलब 04 04 4224 4112 4113 0400 01 00002243
बिना_मुश्किल 04 03 4229 4113 0400 01 00004728
बिना_लाग_लपेट_के 04 03 4224 4112 0400 01 00000528
बिना_वजह 04 04 4224 4112 4113 0400 01 00002243
बिना_विचारे 04 04 4229 4112 4113 0400 01 00002824
बिना_शक 04 02 4113 0400 01 00003150
बिना_सोचे_समझे 04 04 4229 4112 4113 0400 01 00002824
बिन्दास 04 02 4113 0400 01 00036767
बिलकुल 04 02 4113 0400 02 00006468 00003150
बिला_नाग़ा 04 03 4112 4113 0400 01 00016211
बिला_नागा 04 03 4112 4113 0400 01 00016211
बिलानाग़ा 04 03 4112 4113 0400 01 00016211
बिलानागा 04 03 4112 4113 0400 01 00016211
बिलाशक 04 02 4113 0400 01 00003150
बिल्कुल 04 02 4113 0400 02 00006468 00003150
बीच_बीच_में 04 02 4113 0400 01 00011076
बीच_में 04 03 4112 4113 0400 01 00005609
बीच-बीच_में 04 02 4113 0400 01 00011076
बीचम_बीच 04 03 4112 4113 0400 01 00005609
बीचों_बीच 04 03 4112 4113 0400 01 00005609
बीचों-बीच 04 03 4112 4113 0400 01 00005609
बीचोंबीच 04 03 4112 4113 0400 01 00005609
बीचोबीच 04 03 4112 4113 0400 01 00005609
बुद्धिनुसार 04 02 4113 0400 01 00037426
बुनियादी_तौर_पर 04 02 4113 0400 01 00023786
बुरी_तरह 04 03 4229 4113 0400 01 00014109
बुरी_तरह_से 04 03 4229 4113 0400 01 00014109
बे-इंतहा 04 03 4112 4113 0400 01 00013474
बे-तहाशा 04 02 4113 0400 01 00011941
बेआराम 04 02 4113 0400 01 00007390
बेइंतहा 04 03 4112 4113 0400 01 00013474
बेकार 04 02 4113 0400 01 00017931
बेकार_में 04 04 4224 4112 4113 0400 02 00002243 00002244
बेकार_ही 04 04 4224 4112 4113 0400 02 00002243 00002244
बेखटक 04 03 4112 4113 0400 01 00003726
बेखटके 04 04 4226 4112 4113 0400 02 00001262 00003726
बेगि 04 04 4110 4229 4113 0400 01 00002620
बेझिझक 04 03 4112 4113 0400 02 00003726 00036767
बेतरतीब 04 02 4113 0400 01 00009016
बेतरीक़े 04 02 4226 0400 01 00001447
बेतहाशा 04 02 4113 0400 02 00008471 00011941
बेदर्दी_से 04 02 4218 0400 01 00001170
बेधड़क 04 03 4112 4113 0400 02 00003726 00036767
बेपनाह 04 03 4112 4113 0400 01 00013474
बेमतलब 04 04 4224 4112 4113 0400 01 00002243
बेमौके 04 02 4226 0400 01 00001374
बेरहमी_से 04 02 4218 0400 01 00001170
बेवक़्त 04 02 4226 0400 01 00001374
बेवक्त 04 02 4226 0400 01 00001374
बेवजह 04 04 4224 4112 4113 0400 02 00002243 00002244
बेशक 04 02 4113 0400 01 00003150
बेसाख्ता 04 02 4113 0400 01 00001922
बेसोचे 04 04 4229 4112 4113 0400 01 00002824
बेसोचे_समझे 04 04 4229 4112 4113 0400 01 00002824
बेहिचक 04 03 4112 4113 0400 01 00003726
भक_भक 04 03 4112 4113 0400 01 00040007
भक-भक 04 03 4112 4113 0400 01 00040007
भकभक 04 03 4112 4113 0400 01 00040007
भर 04 02 4113 0400 01 00006468
भर_में 04 02 4113 0400 01 00028223
भरपूर 04 03 4219 4113 0400 02 00013340 00000524
भरपेट 04 02 4113 0400 01 00004723
भरसक 04 03 4112 4113 0400 01 00009882
भरे_गले_से 04 02 4113 0400 01 00034834
भरोसे 04 03 4112 4113 0400 01 00009058
भला 04 02 4113 0400 03 00039793 00040247 00040249
भली_भाँति 04 02 4113 0400 01 00000524
भली_भांति 04 02 4113 0400 01 00000524
भली-भाँति 04 02 4113 0400 01 00000524
भली-भांति 04 02 4113 0400 01 00000524
भलीभाँति 04 02 4113 0400 01 00000524
भलीभांति 04 02 4113 0400 01 00000524
भले_ही 04 01 0400 01 00039625
भविष्य_काल_में 04 05 4227 4112 4336 4113 0400 01 00003640
भविष्य_में 04 05 4227 4112 4336 4113 0400 01 00003640
भाग्य_से 04 04 4224 4112 4113 0400 01 00038558
भाग्यवश 04 04 4224 4112 4113 0400 01 00038558
भिनसहरे 04 03 4110 4113 0400 01 00012218
भिनसारे 04 03 4110 4113 0400 01 00012218
भी 04 02 4113 0400 02 00028094 00028181
भीतर 04 03 4218 4113 0400 01 00013205
भीतर-बाहर 04 02 4113 0400 01 00035768
भुलाकर 04 02 4113 0400 01 00034940
भूत_में 04 05 4227 4112 4330 4113 0400 01 00003641
भौंचक्का 04 02 4113 0400 01 00010845
मंद-मंद 04 02 4113 0400 01 00010085
मजबूती_से 04 03 4110 4113 0400 02 00004250 00037132
मजबूरन 04 02 4224 0400 01 00002095
मज़बूती_से 04 03 4110 4113 0400 02 00004250 00037132
मत 04 02 4113 0400 01 00012705
मतिनुसार 04 02 4113 0400 01 00037426
मतिपूर्व 04 02 4113 0400 01 00010972
मद्देनजर 04 02 4113 0400 01 00015496
मद्देनज़र 04 02 4113 0400 01 00015496
मध्य_में 04 03 4112 4113 0400 01 00005609
मनसा 04 02 4113 0400 01 00039670
मन्द-मन्द 04 02 4113 0400 01 00010085
मर-मरकर 04 02 4113 0400 01 00030174
मरणोत्तर 04 03 4110 4113 0400 01 00009737
मरणोपरांत 04 03 4110 4113 0400 01 00009737
मरणोपरान्त 04 03 4110 4113 0400 01 00009737
मसलन 04 01 0400 01 00010930
महज़ 04 03 4112 4113 0400 01 00014619
महा 04 03 4112 4113 0400 01 00013474
माँगकर 04 04 4224 4112 4113 0400 01 00001207
मात्र 04 03 4112 4113 0400 03 00014619 00040276 00040284
माथे 04 03 4112 4113 0400 01 00009058
माफिक 04 02 4113 0400 01 00000123
माफिक़ 04 02 4113 0400 01 00000123
मिलकर 04 02 4113 0400 01 00028602
मुआफ़िक़ 04 02 4113 0400 01 00000123
मुआफिक 04 02 4113 0400 01 00000123
मुक़ाबले 04 01 0400 01 00008220
मुकाबले 04 01 0400 01 00008220
मुख्य_तौर_पर 04 02 4113 0400 01 00004667
मुख्य_रूप_से 04 02 4113 0400 01 00004667
मुख्यतः 04 02 4113 0400 01 00004667
मुख्यतौर_पर 04 02 4113 0400 01 00004667
मुताबिक 04 02 4113 0400 01 00000123
मुताबिक़ 04 02 4113 0400 01 00000123
मुताबिक़ 04 02 4113 0400 01 00000123
मुत्तसिल 04 04 4229 4223 4113 0400 02 00002868 00000373
मुश्किल_से 04 04 4229 4112 4113 0400 01 00000595
मुस्तैदी_से 04 01 0400 01 00001921
मुहुर्मुहुः 04 02 4113 0400 01 00000051
मूल_रूप_से 04 02 4113 0400 01 00023786
मूलतः 04 02 4113 0400 01 00023786
मृत्युपर्यन्त 04 02 4113 0400 01 00008522
मृत्यूपरांत 04 03 4110 4113 0400 01 00009737
मृत्यूपरान्त 04 03 4110 4113 0400 01 00009737
मेहरबानी_करके 04 03 4112 4113 0400 01 00011357
मौक़ा-बेमौक़ा 04 02 4113 0400 01 00004044
मौका-बेमौका 04 02 4113 0400 01 00004044
मौन 04 03 4112 4113 0400 01 00004663
मौनतः 04 03 4112 4113 0400 01 00004663
यक़ीनन 04 02 4113 0400 01 00003150
यकायक 04 02 4113 0400 01 00000051
यकीनन 04 02 4113 0400 01 00003150
यत्किंचित् 04 02 4113 0400 01 00008861
यथा-मति 04 02 4113 0400 01 00037426
यथाकर्म 04 02 4113 0400 01 00022955
यथाक्रम 04 03 4112 4113 0400 01 00004556
यथाक्षम 04 03 4112 4113 0400 01 00009882
यथानियम 04 01 0400 01 00005946
यथापराध 04 02 4113 0400 01 00020249
यथापूर्व 04 03 4112 4113 0400 02 00009478 00019292
यथाभीष्ट 04 03 4110 4113 0400 01 00009883
यथामति 04 02 4113 0400 01 00037426
यथावकाश 04 02 4113 0400 01 00038077
यथावत 04 02 4113 0400 01 00019292
यथावत् 04 02 4113 0400 01 00019292
यथावांछित 04 03 4110 4113 0400 01 00009883
यथाविधि 04 01 0400 01 00005946
यथाशक्ति 04 03 4112 4113 0400 01 00009882
यथासंभव 04 03 4112 4113 0400 01 00009882
यथासमय 04 04 4110 4226 4113 0400 02 00001358 00039716
यथासाध्य 04 03 4112 4113 0400 01 00009882
यथास्थान 04 02 4113 0400 01 00023026
यथेच्छ 04 03 4110 4113 0400 01 00009883
यथेष्ट 04 02 4113 0400 01 00031100
यदा 04 02 4113 0400 01 00005486
यदा-कदा 04 03 4112 4113 0400 01 00008465
यदाकदा 04 03 4112 4113 0400 01 00008465
यदि 04 02 4113 0400 01 00005487
यहाँ 04 03 4223 4113 0400 01 00002647
यहाँ_पर 04 02 4223 0400 01 00001730
यहाँ_वहाँ 04 02 4113 0400 01 00033843
यहाँ_से_वहाँ 04 02 4113 0400 01 00036164
यहाँ-वहाँ 04 02 4113 0400 01 00033843
यहां 04 03 4223 4113 0400 01 00002647
यहां-वहां 04 02 4113 0400 01 00033843
यहीं 04 02 4113 0400 01 00033922
याचिततः 04 04 4224 4112 4113 0400 01 00001207
युक्तिपूर्वक 04 03 4110 4113 0400 01 00000594
यूँ 04 02 4113 0400 01 00009891
यूँ_ही 04 04 4224 4112 4113 0400 01 00002244
येन_केन_प्रकारेण 04 02 4113 0400 01 00036530
यों 04 02 4113 0400 01 00009891
यों_ही 04 04 4224 4112 4113 0400 02 00017931 00002244
यौं_ही 04 04 4224 4112 4113 0400 01 00002244
रंचमात्र 04 02 4113 0400 01 00013455
रत्तीभर 04 02 4113 0400 02 00013455 00008861
रफ़्तार_से 04 02 4113 0400 01 00034416
रफ्ता-रफ्ता 04 02 4113 0400 01 00010085
रफ्तार_से 04 02 4113 0400 01 00034416
रह_रह_कर 04 02 4113 0400 01 00034532
रह_रहकर 04 02 4113 0400 01 00034532
रह-रह_कर 04 02 4113 0400 01 00034532
रह-रहकर 04 02 4113 0400 01 00034532
रात-दिन 04 02 4113 0400 01 00007161
रातदिन 04 02 4113 0400 01 00007161
रातों-रात 04 02 4113 0400 01 00017370
रातोंरात 04 02 4113 0400 01 00017370
राष्ट्र-राष्ट्र 04 02 4113 0400 01 00039864
रिम-झिम 04 02 4113 0400 01 00013562
रिमझिम 04 02 4113 0400 01 00013562
रिमझिम-रिमझिम 04 02 4113 0400 01 00013562
रुँधे_गले_से 04 02 4113 0400 01 00034834
रुक_रुककर 04 03 4229 4113 0400 01 00001850
रुक-रुक_कर 04 03 4229 4113 0400 01 00001850
रुक-रुककर 04 03 4229 4113 0400 01 00001850
रू-ब-रू 04 02 4113 0400 01 00000892
रू-बरू 04 02 4113 0400 01 00000892
रूबरू 04 02 4113 0400 01 00000892
रोज 04 01 0400 01 00006459
रोजमर्रा 04 01 0400 01 00006459
रोज़ 04 01 0400 01 00006459
रोज़मर्रा 04 01 0400 01 00006459
रोज़ाना 04 01 0400 01 00006459
रोजाना 04 01 0400 01 00006459
लंब 04 00 01 00037259
लंबवत 04 00 01 00037259
लंबवत् 04 00 01 00037259
लगनपूर्वक 04 01 0400 01 00040245
लगभग 04 02 4112 0400 02 00002102 00038550
लगातार 04 03 4229 4113 0400 01 00002868
लगे_हाथ 04 02 4113 0400 01 00034412
लटपटाता 04 02 4113 0400 01 00034805
लटपटाता_हुआ 04 02 4113 0400 01 00034805
लड़खड़ाता 04 02 4113 0400 01 00034805
लड़खड़ाता_हुआ 04 02 4113 0400 01 00034805
लपक 04 02 4113 0400 01 00001922
लपककर 04 02 4113 0400 01 00001922
लबरेज 04 02 4113 0400 01 00010982
लबरेज़ 04 02 4113 0400 01 00010982
लबालब 04 02 4113 0400 01 00010982
लम्ब 04 00 01 00037259
लम्बवत 04 00 01 00037259
लम्बवत् 04 00 01 00037259
लाख 04 03 4112 4113 0400 01 00013474
लापरवाही_से 04 03 4226 4113 0400 01 00001963
लिहाज़ा 04 01 0400 01 00006460
लिहाजा 04 01 0400 01 00006460
लेशमात्र 04 02 4113 0400 01 00013455
लौटानी 04 02 4113 0400 01 00014421
वक़्त-बेवक़्त 04 02 4113 0400 01 00004044
वकालतन 04 02 4113 0400 01 00019203
वक्त-बेवक्त 04 02 4113 0400 01 00004044
वक्तन्-फौवक्तन् 04 03 4112 4113 0400 01 00008465
वग़ैरह 04 01 0400 01 00013607
वगैरह 04 01 0400 01 00013607
वगैरा 04 01 0400 01 00013607
वचसा 04 02 4113 0400 01 00039667
वजह_से 04 04 4224 4112 4113 0400 01 00001121
वन्स_मोर 04 02 4113 0400 01 00002814
वरीयता_से 04 02 4113 0400 01 00028610
वर्गाकार_में 04 02 4113 0400 01 00009664
वर्तमान_में 04 04 4110 4227 4336 0400 01 00002785
वस्तुतः 04 02 4113 0400 01 00000526
वहाँ 04 03 4223 4113 0400 01 00001609
वहीं 04 02 4113 0400 01 00034529
वाकई 04 02 4113 0400 01 00000526
वाक़ई 04 02 4113 0400 01 00000526
वाचा 04 02 4113 0400 01 00039667
वापस 04 02 4113 0400 02 00010819 00002814
वापस_से 04 02 4113 0400 01 00002814
वापिस 04 02 4113 0400 01 00010819
वाशिन्दा 04 02 4113 0400 01 00003150
वास्तव_में 04 02 4113 0400 01 00000526
विचारपूर्वक 04 03 4229 4112 0400 01 00001807
विचारहीनतः 04 04 4229 4112 4113 0400 01 00002824
विचारिततः 04 03 4229 4112 0400 01 00001807
विधानतः 04 02 4113 0400 01 00015623
विधिपूर्वक 04 01 0400 01 00005946
विधिवत 04 01 0400 01 00005946
विधिवत् 04 01 0400 01 00005946
विधिहीनतः 04 02 4226 0400 01 00001447
विनम्रता_से 04 03 4112 4113 0400 01 00012899
विनम्रतापूर्वक 04 03 4112 4113 0400 01 00012899
विनयपूर्वक 04 03 4112 4113 0400 01 00012899
विरामतः 04 03 4229 4113 0400 01 00001850
विलंबतः 04 02 4227 0400 01 00001586
विलंबपूर्वक 04 02 4227 0400 01 00001586
विवश_होकर 04 02 4224 0400 01 00002095
विवशतः 04 02 4224 0400 01 00002095
विशिष्टतः 04 02 4113 0400 01 00004667
विशेष_रूप_से 04 02 4113 0400 01 00004667
विशेषकर 04 02 4113 0400 01 00004667
विशेषतः 04 02 4113 0400 01 00004667
विश्वसनीयता_से 04 02 4113 0400 01 00028224
विश्वास_के_साथ 04 02 4113 0400 01 00028224
विश्वासपूर्वक 04 02 4113 0400 01 00028224
विस्तार_से 04 02 4113 0400 01 00028197
विस्तारपूर्वक 04 02 4113 0400 01 00028197
विस्मय_से 04 02 4113 0400 01 00040280
वृथा 04 02 4113 0400 01 00017931
वैसा 04 02 4113 0400 01 00010811
वैसे 04 02 4113 0400 01 00010811
वैसे_का_वैसा 04 02 4113 0400 01 00019292
व्यर्थ 04 02 4113 0400 01 00017931
व्यर्थ_ही 04 04 4224 4112 4113 0400 01 00002244
व्यवस्थापूर्वक 04 03 4112 4113 0400 01 00000854
व्यवस्थिततः 04 03 4112 4113 0400 01 00000854
शत-प्रतिशत 04 02 4113 0400 01 00006468
शब्दशः 04 03 4112 4113 0400 01 00014680
शर्तिया 04 02 4113 0400 01 00038757
शहर-शहर 04 02 4113 0400 01 00039907
शांत 04 03 4112 4113 0400 01 00004663
शांति_से 04 03 4112 4113 0400 01 00004663
शांतिपूर्वक 04 03 4112 4113 0400 01 00013752
शान_से 04 02 4113 0400 01 00040279
शान्त 04 03 4112 4113 0400 01 00004663
शान्ति_से 04 03 4112 4113 0400 01 00004663
शान्तिपूर्वक 04 03 4112 4113 0400 01 00013752
शायद 04 02 4113 0400 01 00004084
शालीनतः 04 04 4224 4112 4113 0400 01 00000559
शिताब 04 04 4110 4229 4113 0400 01 00002620
शिष्टतः 04 04 4224 4112 4113 0400 01 00000559
शिष्टता_से 04 04 4224 4112 4113 0400 01 00000559
शिष्टतापूर्वक 04 02 4113 0400 01 00012316
शिष्टाचारपूर्वक 04 04 4224 4112 4113 0400 01 00000559
शिष्टाचारहीनतः 04 03 4224 4112 0400 01 00000529
शीघ्र 04 04 4110 4229 4113 0400 01 00002620
शीघ्रतः 04 04 4110 4229 4113 0400 01 00002620
शीघ्रता_से 04 01 0400 01 00040244
शीघ्रतापूर्वक 04 01 0400 01 00040244
शुद्ध_रूप_से 04 01 4113 01 00036126
शुरुआत_में 04 02 4113 0400 01 00006768
शुरुवात_में 04 02 4113 0400 01 00006768
शुरू_में 04 03 4112 4113 0400 02 00006768 00000855
शुरू_शुरू_में 04 03 4112 4113 0400 01 00000855
शुरू-शुरू_में 04 03 4112 4113 0400 01 00000855
शेखी_मारते_हुए 04 02 4113 0400 01 00005934
शौक_से 04 03 4112 4113 0400 01 00040281
शौकिया 04 03 4110 4113 0400 01 00007249
संकल्पपूर्वक 04 03 4112 4113 0400 01 00002445
संकोचहीनतः 04 03 4112 4113 0400 01 00003726
संग_संग 04 02 4113 0400 02 00028602 00034412
संग-संग 04 02 4113 0400 02 00028602 00034412
संदिग्धतः 04 03 4224 4112 0400 01 00000527
संपूर्णतः 04 02 4113 0400 01 00006468
संपूर्णतया 04 02 4113 0400 01 00006468
संप्रति 04 05 4110 4227 4336 4113 0400 02 00011083 00002785
संभवतः 04 02 4113 0400 01 00004084
संभालकर 04 02 4226 0400 01 00001920
संयुक्त_रूप_से 04 02 4113 0400 01 00028602
संयोगवश 04 04 4110 4112 4113 0400 01 00002624
संयोगवशात् 04 04 4110 4112 4113 0400 01 00002624
सकारात्मक_रूप_से 04 02 4113 0400 01 00034526
सकुशल 04 03 4112 4113 0400 01 00013133
सख़्त 04 03 4112 4113 0400 01 00013474
सख्त 04 03 4112 4113 0400 01 00013474
सगर्व 04 02 4113 0400 01 00000833
सच_में 04 02 4113 0400 01 00000526
सच-सच 04 02 4113 0400 01 00024238
सचमुच 04 02 4113 0400 01 00000526
सच्चाई_से 04 02 4113 0400 01 00024238
सच्ची_मुच्ची 04 02 4113 0400 01 00000526
सच्ची-मुच्ची 04 02 4113 0400 01 00000526
सतगुना 04 02 4113 0400 01 00022938
सतत 04 03 4229 4113 0400 01 00002868
सतह_पर 04 02 4113 0400 01 00010974
सत्कारपूर्वक 04 03 4112 4113 0400 01 00001464
सत्यतः 04 02 4113 0400 01 00000526
सदा 04 02 4113 0400 01 00007161
सदा_सदा 04 02 4113 0400 01 00007161
सदा-सदा 04 02 4113 0400 01 00007161
सदेह 04 03 4110 4113 0400 01 00008212
सदैव 04 02 4113 0400 01 00007161
सद्य 04 04 4110 4229 4113 0400 02 00002620 00011083
सन्निकट 04 03 4223 4113 0400 01 00000373
सपत्नीक 04 02 4113 0400 01 00012317
सपरिवार 04 02 4113 0400 01 00034933
सप्रयोजन 04 04 4224 4112 4113 0400 01 00001121
सब_मिलाकर 04 02 4113 0400 01 00011113
सबमिलाकर 04 02 4113 0400 01 00011113
सबसे_पहले 04 04 4110 4229 4113 0400 02 00006768 00002368
सबेर 04 02 4113 0400 01 00019209
सबेरे 04 03 4110 4113 0400 02 00005537 00019209
सभी_तरफ़ 04 02 4113 0400 01 00000929
सभ्यतः 04 04 4224 4112 4113 0400 01 00000559
सभ्यतापूर्वक 04 02 4113 0400 01 00012316
समक्ष 04 02 4113 0400 01 00000892
समझ_बूझ_कर 04 03 4229 4112 0400 01 00001807
समझ-बूझकर 04 03 4229 4112 0400 01 00001807
समय_आने_पर 04 02 4113 0400 01 00039716
समय_समय_पर 04 02 4113 0400 01 00011076
समय-कुसमय 04 02 4113 0400 01 00004044
समय-समय_पर 04 02 4113 0400 01 00011076
समयानुसार 04 04 4110 4226 4113 0400 01 00001358
समांतर 04 02 4113 0400 01 00030991
समानांतर 04 02 4113 0400 01 00030991
समानान्तर 04 02 4113 0400 01 00030991
समान्तर 04 02 4113 0400 01 00030991
समीप 04 03 4223 4113 0400 01 00000373
समूहतः 04 03 4110 4113 0400 01 00000596
समेत 04 02 4113 0400 01 00010187
सम्प्रति 04 02 4113 0400 01 00011083
सम्भवतः 04 02 4113 0400 01 00004084
सम्भालकर 04 02 4226 0400 01 00001920
सम्मुख 04 02 4113 0400 01 00000892
सर_सर 04 03 4112 4113 0400 01 00040011
सर-सर 04 03 4112 4113 0400 01 00040011
सरपट 04 02 4113 0400 01 00011941
सरलतः 04 03 4229 4113 0400 01 00004728
सरलता_से 04 03 4229 4113 0400 01 00004728
सरसर 04 03 4112 4113 0400 01 00040011
सरसरी 04 02 4113 0400 01 00010191
सरासर 04 02 4113 0400 01 00006468
सरे_आम 04 04 4229 4112 4113 0400 01 00000796
सरे-आम 04 04 4229 4112 4113 0400 01 00000796
सरेआम 04 04 4229 4112 4113 0400 01 00000796
सरेशाम 04 02 4113 0400 01 00021986
सर्व_प्रथम 04 03 4112 4113 0400 01 00000855
सर्वतोभाव 04 02 4113 0400 01 00000524
सर्वत्र 04 02 4113 0400 01 00000929
सर्वथा 04 02 4113 0400 01 00007161
सर्वदा 04 02 4113 0400 01 00007161
सर्वदैव 04 02 4113 0400 01 00007161
सर्वप्रथम 04 03 4112 4113 0400 02 00006768 00000855
सर्वोपरि 04 02 4113 0400 01 00024589
सलामत 04 03 4112 4113 0400 01 00013133
सलीक़े_से 04 04 4224 4112 4113 0400 01 00000559
सविरामतः 04 03 4229 4113 0400 01 00001850
सविस्मय 04 03 4112 4113 0400 01 00001241
सवेर 04 02 4113 0400 01 00019209
सवेरे 04 03 4110 4113 0400 02 00005537 00019209
सशरीर 04 03 4110 4113 0400 01 00008212
ससमय 04 04 4110 4226 4113 0400 01 00001358
ससम्मान 04 03 4112 4113 0400 02 00001464 00023778
सहजतः 04 03 4229 4113 0400 01 00004728
सहजता_से 04 03 4229 4113 0400 01 00004728
सहर्ष 04 04 4110 4218 4113 0400 01 00002479
सहसा 04 02 4113 0400 01 00000051
सहित 04 02 4113 0400 01 00010187
सही_ढंग_से 04 01 4113 01 00036126
सही_तरह_से 04 01 4113 01 00036126
सही_मौक़े_पर 04 02 4113 0400 01 00036517
सही_मौके_पर 04 02 4113 0400 01 00036517
सही_वक़्त_पर 04 02 4113 0400 01 00036517
सही_वक्त_पर 04 02 4113 0400 01 00036517
सही_समय_पर 04 02 4113 0400 01 00036517
सही_सलामत 04 03 4112 4113 0400 01 00013133
सही-सलामत 04 03 4112 4113 0400 01 00013133
साक्षात 04 02 4113 0400 01 00004501
साक्षात् 04 02 4113 0400 01 00004501
सातंक 04 03 4112 4113 0400 01 00014752
सातगुना 04 02 4113 0400 01 00022938
साथ 04 02 4113 0400 01 00028602
साथ_में 04 02 4113 0400 01 00034412
साथ_साथ 04 02 4113 0400 02 00028602 00034412
साथ_ही 04 02 4113 0400 02 00028602 00034412
साथ_ही_साथ 04 02 4113 0400 02 00034412 00028602
साथ-साथ 04 02 4113 0400 02 00028602 00034412
सादर 04 03 4112 4113 0400 01 00001464
सादेश 04 02 4113 0400 01 00004468
साधारणतः 04 03 4112 4113 0400 01 00010889
साधारणतया 04 03 4112 4113 0400 01 00010889
साधिकार 04 02 4226 0400 01 00001812
साफ-साफ 04 03 4224 4112 0400 01 00000528
साफतौर_पर 04 03 4224 4112 0400 01 00000528
साफ़_साफ़ 04 03 4224 4112 0400 01 00000528
साफ़-साफ़ 04 03 4224 4112 0400 01 00000528
साभार 04 03 4110 4113 0400 01 00025047
साभिप्रायः 04 02 4224 0400 01 00001451
साभिमान 04 02 4113 0400 01 00000833
सामने 04 02 4113 0400 04 00000892 00008219 00011921 00039370
सामान्य_तौर_पर 04 03 4112 4113 0400 01 00010889
सामान्यतः 04 03 4112 4113 0400 01 00010889
सामान्यतया 04 03 4112 4113 0400 01 00010889
सामूहिक_रूप_से 04 03 4110 4113 0400 01 00000596
सायास 04 04 4218 4112 4113 0400 01 00000053
साल_साल 04 03 4110 4113 0400 01 00011091
साल-दर-साल 04 02 4113 0400 01 00038943
साल-ब-साल 04 02 4113 0400 01 00038943
साल-बसाल 04 02 4113 0400 01 00038943
साल-साल 04 03 4110 4113 0400 01 00011091
सालों_साल 04 01 0400 01 00038940
सालों-साल 04 01 0400 01 00038940
सावधानतः 04 02 4226 0400 01 00001920
सावधानी_पूर्वक 04 02 4226 0400 01 00001920
सावधानी_से 04 02 4226 0400 01 00001920
सावधानीपूर्वक 04 02 4226 0400 01 00001920
साश्चर्य 04 03 4112 4113 0400 01 00001241
साश्रु 04 02 4113 0400 01 00020703
सासूय 04 03 4110 4224 0400 01 00001118
साहसपूर्वक 04 02 4113 0400 01 00035611
सिताब 04 02 4113 0400 01 00001922
सिताबी 04 02 4113 0400 01 00001922
सिर्फ 04 03 4112 4113 0400 03 00014619 00040276 00040284
सिर्फ़ 04 03 4112 4113 0400 03 00014619 00040276 00040284
सिलसिलेवार 04 03 4112 4113 0400 01 00004556
सिवा 04 01 0400 01 00034374
सिवाय 04 01 0400 01 00034374
सीधा 04 02 4113 0400 06 00024504 00010980 00012315 00012316 00008219 00034787
सीधे 04 02 4113 0400 07 00024504 00010980 00012314 00012315 00012316 00008219 00035664
सुगमतः 04 03 4229 4113 0400 01 00004728
सुगमता_से 04 03 4229 4113 0400 01 00004728
सुगमतापूर्वक 04 03 4229 4113 0400 01 00004728
सुचारु_रूप_से 04 03 4229 4113 0400 03 00019562 00014108 00027635
सुबह 04 03 4110 4113 0400 01 00005537
सुबह_सवेरे 04 03 4110 4113 0400 01 00005537
सुबह-सवेरे 04 03 4110 4113 0400 01 00005537
सुबह-सुबह 04 03 4110 4113 0400 01 00005537
सुरक्षिततः 04 03 4112 4113 0400 01 00013133
सूक्ष्मतः 04 03 4112 4113 0400 01 00011074
से 04 01 0400 01 00008220
सोच_विचार_कर 04 03 4229 4112 0400 01 00001807
सोच_समझ_कर 04 03 4229 4112 0400 01 00001807
सोच-विचारकर 04 03 4229 4112 0400 01 00001807
सोच-समझकर 04 03 4229 4112 0400 01 00001807
सोते-जागते 04 02 4113 0400 01 00007161
सोद्देश्य 04 02 4224 0400 01 00001451
सौभाग्य_से 04 04 4224 4112 4113 0400 01 00038558
सौभाग्यतः 04 04 4224 4112 4113 0400 01 00038558
स्थान-स्थान_पर 04 02 4113 0400 01 00011086
स्नेहपूर्वक 04 01 0400 01 00040277
स्पष्ट 04 03 4224 4112 0400 01 00000528
स्पष्ट_रूप_से 04 03 4224 4112 0400 01 00000528
स्पष्टतः 04 03 4224 4112 0400 01 00000528
स्पष्टतया 04 03 4224 4112 0400 01 00000528
स्फूर्तिपूर्वक 04 01 0400 01 00001921
स्यात् 04 02 4113 0400 01 00004084
स्वगत 04 02 4113 0400 01 00011328
स्वतंत्र_रूप_से 04 03 4229 4113 0400 02 00000896 00035077
स्वतः 04 02 4113 0400 02 00004501 00012384
स्वभावतः 04 02 4112 0400 01 00001026
स्वयं 04 02 4113 0400 01 00004501
स्वयं_से 04 01 0400 01 00012384
स्वांतःसुखाय 04 03 4112 4113 0400 01 00000856
स्वातंत्रोत्तर 04 02 4113 0400 01 00039969
स्वाधीनतः 04 03 4229 4113 0400 01 00000896
स्वान्तःसुखाय 04 03 4112 4113 0400 01 00000856
स्वीकारात्मक_रूप_से 04 02 4113 0400 01 00034526
स्वेच्छतः 04 03 4112 4113 0400 01 00000857
स्वेच्छया 04 03 4112 4113 0400 01 00000857
स्वेच्छा_से 04 03 4112 4113 0400 01 00000857
स्वेच्छापूर्वक 04 03 4112 4113 0400 01 00000857
स्वेच्छार्थ 04 03 4112 4113 0400 01 00000856
हक़ीक़त_में 04 02 4113 0400 01 00000526
हक़ीक़तन 04 02 4113 0400 01 00000526
हकीकत_में 04 02 4113 0400 01 00000526
हकीकतन 04 02 4113 0400 01 00000526
हक्का-बक्का 04 02 4113 0400 01 00010845
हतबुद्धि 04 02 4113 0400 01 00010845
हमेशा 04 02 4113 0400 01 00007161
हमेशा_की_तरह 04 02 4113 0400 01 00024615
हर_कदम_पर 04 02 4113 0400 02 00037365 00038939
हर_क़दम_पर 04 02 4113 0400 02 00037365 00038939
हर_कोना 04 02 4113 0400 01 00000929
हर_कोने_में 04 02 4113 0400 01 00000929
हर_क्षण 04 01 0400 01 00007875
हर_घड़ी 04 01 0400 01 00007875
हर_जगह 04 02 4113 0400 01 00000929
हर_दशा_में 04 02 4113 0400 01 00034654
हर_दिन 04 01 0400 01 00006459
हर_पग_पर 04 02 4113 0400 02 00037365 00038939
हर_रोज़ 04 01 0400 01 00006459
हर_वक़्त 04 02 4113 0400 01 00007161
हर_वक्त 04 02 4113 0400 01 00007161
हर_संभव 04 02 4113 0400 01 00036420
हर_समय 04 02 4113 0400 01 00007161
हर_सम्भव 04 02 4113 0400 01 00036420
हर_साल 04 03 4110 4113 0400 01 00011091
हर_सूरत_में 04 02 4113 0400 01 00034654
हर_हालत_में 04 02 4113 0400 01 00034654
हरगिज 04 02 4113 0400 01 00012368
हरगिज़ 04 02 4113 0400 01 00012368
हरघड़ी 04 01 0400 01 00007875
हरदम 04 02 4113 0400 01 00007161
हरसंभव 04 02 4113 0400 01 00036420
हरसम्भव 04 02 4113 0400 01 00036420
हरसाल 04 03 4110 4113 0400 01 00011091
हर्षपूर्वक 04 04 4110 4218 4113 0400 01 00002479
हल्का_सा 04 02 4113 0400 01 00008861
हल्का-सा 04 02 4113 0400 01 00008861
हवा_की_ओर 04 02 4113 0400 01 00009597
हवा_की_तरफ 04 02 4113 0400 01 00009597
हवा_के_अनुकूल 04 02 4113 0400 01 00009597
हवानुकूल 04 02 4113 0400 01 00009597
हस्तचालन_द्वारा 04 02 4113 0400 01 00002887
हस्ब-ए-मामूल 04 02 4113 0400 01 00024615
हस्बे-मामूल 04 02 4113 0400 01 00024615
हस्बेमामूल 04 02 4113 0400 01 00024615
हाथ_द्वारा 04 02 4113 0400 01 00002887
हाथ_में 04 02 4113 0400 01 00035515
हाथ_से 04 02 4113 0400 01 00002887
हाथा-हाथी 04 04 4110 4229 4113 0400 02 00001922 00002620
हाथो_हाथ 04 02 4113 0400 01 00001922
हाथो-हाथ 04 02 4113 0400 01 00001922
हाथों_मे 04 02 4113 0400 01 00035515
हाथों_हाथ 04 02 4113 0400 01 00001922
हाथों-हाथ 04 04 4110 4229 4113 0400 02 00001922 00002620
हितार्थ 04 02 4113 0400 01 00022150
हिसाब 04 02 4113 0400 01 00000123
हू-ब-हू 04 02 4113 0400 01 00003916
हूबहू 04 02 4113 0400 01 00003916
हैरत_से 04 02 4113 0400 01 00040280
हैरानी_से 04 02 4113 0400 01 00040280
होते_हवाते 04 02 4224 0400 01 00002093
होले-होले 04 02 4113 0400 01 00010085
हौले 04 03 4218 4113 0400 02 00010084 00010085
हौले-हौले 04 02 4113 0400 01 00010085
